seq_name,A,R,N,D,C,E,Q,G,H,I,L,K,M,F,P,S,T,W,Y,V,druggable
Positive_0,8.437,6.948,2.73,4.715,2.481,4.715,4.218,8.685,2.73,2.481,11.911,4.218,3.722,2.481,5.211,5.955,5.459,0.744,2.233,9.926,1
Positive_1,8.744,4.484,4.709,3.363,3.587,3.812,2.018,4.036,1.57,8.52,9.193,4.26,2.018,6.054,4.709,10.538,6.502,2.018,2.242,7.623,1
Positive_2,6.25,4.219,5.625,4.062,3.438,5.938,4.219,5.938,2.656,6.25,9.688,4.062,2.969,4.688,5.938,7.031,5.781,2.188,4.531,4.531,1
Positive_3,9.495,4.85,1.913,4.508,1.23,5.123,3.347,26.708,0.615,1.639,3.279,3.893,0.888,1.844,18.989,4.098,3.074,0.41,0.888,3.21,1
Positive_4,4.776,5.933,5.21,5.065,3.401,7.67,2.75,6.657,2.677,4.776,9.841,4.848,2.171,4.269,5.933,7.598,4.993,1.447,3.69,6.295,1
Positive_5,13.711,6.216,2.468,4.113,0.64,2.102,2.742,9.781,1.097,4.845,11.7,1.92,1.28,3.839,7.404,5.576,6.764,2.377,2.559,8.867,1
Positive_6,6.752,7.074,4.019,5.627,4.18,8.199,4.18,7.878,2.09,3.537,8.199,4.662,1.447,3.376,5.305,6.109,5.788,2.251,3.376,5.949,1
Positive_7,8.14,3.488,1.163,2.326,2.326,6.977,5.814,4.651,1.163,6.977,19.767,5.814,1.163,1.163,4.651,3.488,6.977,0.0,6.977,6.977,1
Positive_8,12.121,6.97,1.515,5.455,2.424,6.061,3.03,6.97,2.727,3.636,10.606,3.636,3.333,3.636,6.667,5.758,3.333,0.909,3.636,7.576,1
Positive_9,11.181,3.622,1.732,2.362,1.26,2.992,3.307,8.346,2.52,4.882,15.591,1.26,2.52,5.669,5.669,8.976,4.724,1.89,3.307,8.189,1
Positive_10,12.234,11.17,2.66,6.383,1.596,6.383,3.191,5.851,2.128,3.191,12.234,0.0,0.532,2.66,7.979,5.319,4.787,2.128,1.064,8.511,1
Positive_11,2.985,5.33,6.183,5.117,4.691,4.904,2.772,8.316,1.919,8.316,4.691,4.691,1.493,2.772,4.478,10.235,7.249,2.559,3.625,7.676,1
Positive_12,7.214,6.931,1.98,7.638,2.687,4.102,3.678,9.477,1.98,1.98,8.769,3.112,1.273,6.223,8.345,6.223,7.072,1.98,3.819,5.516,1
Positive_13,16.169,9.453,1.244,0.995,2.736,1.244,1.99,10.199,1.741,1.99,16.418,0.249,1.741,2.985,6.965,9.95,3.234,2.488,0.995,7.214,1
Positive_14,8.723,6.17,2.34,2.979,4.894,5.319,6.17,8.298,2.128,2.979,11.489,3.617,2.34,2.979,7.66,6.383,5.532,2.128,2.766,5.106,1
Positive_15,7.692,7.129,1.876,5.253,3.002,5.441,3.752,11.257,2.064,3.189,8.63,4.69,2.251,2.814,12.195,8.068,3.002,0.938,1.501,5.253,1
Positive_16,4.918,1.639,4.918,1.639,1.639,0.0,6.557,6.557,1.639,9.836,14.754,1.639,3.279,11.475,1.639,16.393,6.557,0.0,0.0,4.918,1
Positive_17,6.959,4.639,3.866,3.866,4.639,3.093,3.866,4.639,1.804,7.99,10.825,3.093,3.093,5.67,4.639,6.701,6.443,2.062,3.866,8.247,1
Positive_18,8.024,7.334,3.02,4.745,2.071,5.177,2.934,8.024,2.416,4.832,10.871,3.02,2.071,3.969,8.283,8.887,5.091,1.035,2.416,5.781,1
Positive_19,8.261,6.957,3.261,2.174,3.261,5.435,2.826,6.304,0.435,4.13,11.739,5.217,2.609,3.478,6.739,7.609,7.609,2.826,3.478,5.652,1
Positive_20,8.889,4.444,1.944,4.167,3.611,3.056,1.667,5.833,3.056,4.444,15.833,4.167,3.056,4.167,4.444,9.444,4.722,2.222,3.056,7.778,1
Positive_21,6.615,5.058,2.724,3.307,3.307,6.226,4.086,8.171,4.086,5.253,9.144,5.058,3.696,5.447,6.031,6.031,5.447,0.973,2.14,7.198,1
Positive_22,6.084,3.042,8.555,3.612,1.521,4.563,5.703,5.513,1.711,4.943,8.555,3.612,0.951,2.662,7.605,9.316,10.076,1.521,3.422,7.034,1
Positive_23,8.357,6.128,5.292,3.064,3.621,2.507,3.064,4.457,1.393,7.242,13.092,3.621,1.671,4.178,3.064,7.521,7.242,1.95,3.621,8.914,1
Positive_24,11.749,6.284,2.277,4.463,0.729,1.913,2.55,8.834,1.184,4.189,11.475,2.004,2.641,4.189,8.015,5.464,7.559,2.732,2.459,9.29,1
Positive_25,7.237,5.263,8.553,3.947,1.316,4.605,5.921,1.974,1.974,5.921,18.421,4.605,2.632,3.289,7.895,4.605,7.237,1.316,0.658,2.632,1
Positive_26,8.804,4.457,2.174,4.022,2.935,5.978,7.717,10.435,2.065,2.5,9.457,4.348,2.391,3.043,8.043,8.804,4.022,0.87,3.587,4.348,1
Positive_27,6.645,4.7,3.404,4.052,2.431,6.321,5.024,6.969,3.404,4.862,10.211,3.728,2.269,4.052,7.455,6.645,5.186,1.459,4.214,6.969,1
Positive_28,5.727,5.947,2.863,4.846,3.304,7.489,3.744,7.709,1.322,3.965,10.132,6.608,3.965,4.405,8.59,7.93,5.286,0.22,2.423,3.524,1
Positive_29,9.434,4.193,5.031,4.193,3.354,4.403,3.354,5.241,1.677,6.709,8.386,2.096,2.725,5.66,6.289,7.966,4.822,3.145,2.725,8.595,1
Positive_30,13.084,5.794,3.178,3.364,2.804,6.355,3.178,9.72,1.308,4.486,8.224,5.234,1.682,4.299,4.86,5.794,4.86,1.308,2.243,8.224,1
Positive_31,3.448,8.19,3.017,3.448,7.759,6.897,5.603,6.034,4.741,3.448,6.897,9.052,3.448,2.586,6.466,6.466,2.586,2.155,3.017,4.741,1
Positive_32,12.5,2.439,2.134,2.744,1.829,6.098,3.659,9.451,2.439,5.488,10.366,7.012,2.439,3.049,5.488,6.402,4.573,1.524,1.22,9.146,1
Positive_33,8.612,5.742,4.067,2.871,3.349,2.871,3.589,5.502,1.435,5.263,7.416,4.306,3.828,5.742,5.502,9.091,6.459,3.589,2.392,8.373,1
Positive_34,7.236,4.453,1.484,2.412,1.855,6.865,4.453,8.534,1.67,5.937,10.946,2.783,3.896,7.421,9.276,7.05,3.711,1.113,2.597,6.308,1
Positive_35,7.065,3.804,4.348,2.536,2.536,4.529,3.08,8.152,2.355,4.348,10.688,4.348,4.167,5.797,6.884,8.152,4.891,1.993,2.899,7.428,1
Positive_36,4.783,5.83,5.83,3.587,3.139,5.531,4.335,6.726,2.242,2.84,9.268,3.438,2.84,5.232,7.324,10.164,5.082,1.943,4.634,5.232,1
Positive_37,11.585,7.012,1.524,5.183,1.829,7.012,2.439,10.061,2.134,1.22,12.805,2.744,2.134,3.963,6.098,5.488,4.878,0.305,1.829,9.756,1
Positive_38,4.396,4.835,3.077,4.176,3.956,6.593,3.736,5.714,3.077,5.495,10.11,6.593,2.857,3.077,8.791,8.791,7.912,0.22,2.418,4.176,1
Positive_39,4.568,5.185,4.938,4.444,5.926,6.914,3.827,7.654,2.963,2.716,5.926,6.049,1.358,2.593,8.519,6.914,7.531,2.346,3.704,5.926,1
Positive_40,5.943,5.943,4.303,5.533,4.918,9.016,3.893,8.197,1.844,3.689,7.992,6.762,1.639,4.303,3.893,5.943,7.377,1.23,2.869,4.713,1
Positive_41,8.267,2.4,2.933,4.533,4.267,5.333,1.867,9.6,2.133,6.933,7.733,8.533,2.933,4.0,5.333,6.133,5.867,0.533,1.067,9.6,1
Positive_42,12.754,4.251,3.327,3.142,1.479,4.991,1.848,9.797,0.924,5.545,15.157,2.403,2.033,4.067,4.991,6.47,4.436,0.924,1.664,9.797,1
Positive_43,10.843,3.614,4.819,2.711,4.217,2.108,3.313,5.723,1.506,5.723,13.554,3.012,2.41,5.723,3.916,5.12,6.024,1.506,3.614,10.542,1
Positive_44,10.87,7.609,3.261,8.152,2.717,5.435,1.087,10.87,2.717,4.348,10.326,3.261,2.174,1.63,1.63,9.783,6.522,0.543,1.087,5.978,1
Positive_45,11.297,7.113,2.51,5.021,0.837,4.184,2.51,9.205,3.766,2.929,9.205,1.674,2.929,5.021,7.95,6.276,5.021,2.51,3.347,6.695,1
Positive_46,8.083,5.451,4.323,3.008,3.195,4.887,3.195,3.759,1.504,5.263,9.774,7.143,2.068,3.195,5.639,7.707,8.083,2.444,4.135,7.143,1
Positive_47,5.671,5.104,5.104,5.671,3.214,5.104,4.348,6.427,3.214,4.159,10.397,3.214,2.836,5.86,6.238,9.641,3.592,2.647,4.348,3.214,1
Positive_48,6.533,6.784,4.774,5.276,1.759,2.764,5.025,8.291,2.261,4.271,10.553,2.764,2.513,3.769,8.543,7.789,3.769,0.754,4.271,7.538,1
Positive_49,8.063,7.398,2.328,4.156,2.411,6.484,5.902,7.731,2.078,3.159,10.64,3.076,1.413,3.907,8.894,6.733,5.32,1.746,2.494,6.068,1
Positive_50,4.322,5.108,4.519,5.697,4.126,5.108,4.519,6.876,2.358,5.305,10.413,5.697,2.75,3.34,4.519,7.073,5.894,1.768,2.75,7.859,1
Positive_51,8.4,6.613,3.128,3.575,3.038,5.362,3.396,8.043,2.324,4.558,13.494,3.932,2.413,4.468,4.468,5.63,5.183,0.715,3.038,8.222,1
Positive_52,6.667,4.314,4.706,5.098,7.059,4.706,4.314,5.882,4.706,1.176,10.588,5.882,3.529,2.745,4.706,7.059,5.098,5.49,2.353,3.922,1
Positive_53,3.382,6.28,4.831,5.797,2.899,6.28,4.831,11.111,1.449,5.797,8.213,5.314,2.415,0.966,5.797,6.28,4.348,1.932,5.314,6.763,1
Positive_54,7.258,12.097,4.032,2.419,3.226,3.226,3.226,8.871,2.419,2.419,6.452,10.484,0.806,0.806,5.645,4.839,6.452,0.0,3.226,12.097,1
Positive_55,4.969,4.037,2.795,5.901,0.932,5.901,1.553,11.18,2.484,7.143,10.248,7.453,1.242,2.795,7.143,6.211,6.832,0.621,2.795,7.764,1
Positive_56,7.463,5.224,0.746,2.985,0.746,6.716,2.239,11.194,2.985,2.985,11.194,0.746,2.239,5.97,3.731,7.463,11.194,2.985,5.224,5.97,1
Positive_57,12.668,7.817,1.617,2.695,2.965,2.965,2.426,6.469,2.426,3.235,13.208,1.078,2.695,3.774,7.008,9.434,4.582,2.965,1.887,8.086,1
Positive_58,8.078,7.799,2.786,2.228,3.9,3.621,2.228,5.85,1.95,3.064,16.435,2.228,3.621,6.964,5.014,9.192,3.9,1.114,3.343,6.685,1
Positive_59,6.13,6.611,3.846,2.644,2.404,3.125,4.207,6.37,5.409,3.365,12.26,3.846,1.202,4.808,7.933,9.856,4.688,1.923,3.486,5.889,1
Positive_60,6.136,5.909,3.864,2.955,3.636,5.0,4.545,5.455,3.182,5.909,14.318,2.5,2.5,5.909,4.091,7.955,3.636,2.727,2.727,7.045,1
Positive_61,5.794,6.652,2.79,4.506,5.579,6.438,4.936,9.657,3.219,3.648,10.086,4.077,1.288,3.004,5.15,6.652,5.15,1.931,2.575,6.867,1
Positive_62,11.993,4.233,3.175,6.702,1.411,5.115,3.351,9.7,3.704,7.76,7.231,2.998,2.822,2.469,4.938,4.056,7.231,1.235,1.587,8.289,1
Positive_63,14.128,7.726,1.766,5.519,2.87,5.077,2.649,10.155,2.649,0.883,12.583,0.883,0.883,4.194,7.064,6.623,2.649,1.766,0.662,9.272,1
Positive_64,14.286,9.957,2.597,2.165,2.597,3.247,2.381,10.173,0.649,3.463,8.658,1.732,1.082,5.844,5.628,8.442,3.247,1.732,3.247,8.874,1
Positive_65,5.788,2.09,3.698,5.305,2.733,7.717,4.18,5.788,3.055,3.859,9.003,6.913,1.929,3.537,9.003,7.878,6.752,2.251,3.376,5.145,1
Positive_66,6.277,5.136,2.282,4.565,2.71,7.418,3.424,8.845,3.138,5.136,7.561,5.136,2.14,4.28,6.277,5.706,6.277,2.425,3.852,7.418,1
Positive_67,6.852,5.309,4.012,3.642,2.407,6.296,3.889,10.123,2.469,4.074,10.123,4.198,2.531,3.21,7.778,8.642,4.568,2.037,2.284,5.556,1
Positive_68,15.278,6.944,1.389,3.77,2.183,4.96,0.992,12.103,0.397,2.183,14.484,0.992,2.381,4.96,7.143,5.556,2.976,0.794,2.381,8.135,1
Positive_69,4.772,4.338,6.941,4.121,5.206,9.328,3.037,7.809,2.169,5.423,6.074,6.074,1.302,4.555,3.254,5.857,6.725,1.518,3.471,8.026,1
Positive_70,8.939,8.939,2.235,3.073,3.631,3.073,3.352,5.866,1.397,5.028,14.525,0.838,3.073,4.749,4.19,10.615,5.587,1.397,3.352,6.145,1
Positive_71,5.206,6.074,2.82,6.508,5.206,7.375,3.254,7.592,3.905,3.905,10.629,5.206,1.735,3.254,4.338,7.809,3.905,3.254,1.735,6.291,1
Positive_72,9.703,4.158,2.376,2.178,2.97,2.772,3.96,8.911,1.782,4.752,14.257,1.98,3.168,6.931,5.743,8.119,4.752,2.574,2.376,6.535,1
Positive_73,14.347,7.709,2.355,4.711,5.782,1.285,2.57,8.994,0.428,1.713,11.777,0.857,1.285,2.784,14.775,4.711,3.212,1.285,1.499,7.923,1
Positive_74,10.487,8.989,6.367,2.996,4.12,1.873,4.494,10.112,2.622,4.494,11.236,0.0,1.498,3.745,5.618,5.618,3.371,1.124,0.749,10.487,1
Positive_75,5.721,4.41,4.768,3.695,3.218,4.41,4.529,4.41,2.145,5.959,11.681,2.622,2.861,5.721,5.483,7.747,5.959,1.788,4.41,8.462,1
Positive_76,8.267,2.933,3.2,4.533,4.0,5.067,1.6,10.133,1.867,5.867,7.733,8.533,2.133,4.267,5.333,5.6,6.4,0.533,1.6,10.4,1
Positive_77,5.841,5.374,5.14,2.103,3.271,3.738,3.037,4.907,0.701,6.308,12.383,4.439,3.738,5.607,6.075,10.28,6.542,1.402,3.037,6.075,1
Positive_78,10.438,5.637,5.428,1.67,2.296,3.34,3.132,3.758,1.044,5.846,8.977,5.219,2.714,4.384,7.307,6.889,8.142,1.879,3.132,8.768,1
Positive_79,10.889,8.0,2.222,4.444,3.111,4.0,2.889,6.0,3.111,2.889,15.333,1.111,2.444,3.556,7.111,6.0,5.111,2.0,2.444,7.333,1
Positive_80,6.277,5.411,3.896,4.545,2.814,6.061,3.03,6.926,3.247,4.329,10.39,5.628,3.68,3.68,7.576,9.74,5.195,0.433,1.948,5.195,1
Positive_81,9.133,6.792,2.342,2.576,2.108,3.981,4.684,7.494,3.279,3.513,17.096,4.684,3.513,3.044,3.513,4.918,5.152,2.576,1.874,7.728,1
Positive_82,8.768,6.635,0.948,4.502,2.37,3.555,5.213,9.242,1.896,2.133,10.9,1.896,0.237,1.896,11.611,9.479,5.45,3.081,2.37,7.82,1
Positive_83,12.634,6.183,2.688,3.763,3.763,2.151,1.075,5.376,0.806,5.914,10.753,3.226,3.226,4.839,6.72,7.258,5.376,1.613,3.226,9.409,1
Positive_84,8.958,7.003,2.769,4.723,1.303,5.537,3.909,9.446,2.443,1.466,11.238,1.629,1.466,4.723,8.306,5.863,4.235,2.769,3.42,8.795,1
Positive_85,6.436,6.931,2.97,4.95,2.31,4.29,5.281,6.601,3.3,3.63,9.076,4.95,2.64,4.29,7.096,8.746,5.611,0.99,2.64,7.261,1
Positive_86,8.852,5.697,3.506,5.346,2.366,6.836,3.681,6.223,2.717,4.382,10.517,4.119,1.928,2.892,6.748,9.904,5.259,1.315,2.191,5.521,1
Positive_87,7.988,5.197,3.561,4.909,1.925,5.679,5.967,8.855,2.214,2.791,12.608,2.31,1.251,3.369,7.315,7.218,3.561,1.925,2.695,8.662,1
Positive_88,9.843,9.646,1.772,2.559,1.772,6.89,3.937,7.283,3.15,1.969,12.992,1.969,1.378,4.134,8.071,6.102,5.315,1.772,2.165,7.283,1
Positive_89,10.135,1.689,4.392,1.52,1.858,3.547,3.885,6.081,1.689,7.264,15.203,3.041,3.209,6.081,6.757,7.264,5.912,2.534,1.52,6.419,1
Positive_90,8.913,2.609,2.174,4.783,3.913,6.522,3.261,8.261,3.043,5.0,9.783,5.435,2.609,4.783,4.565,7.609,4.13,1.304,2.609,8.696,1
Positive_91,6.157,2.76,5.945,4.246,3.185,3.822,3.822,3.822,1.274,7.219,12.102,5.732,3.185,5.308,2.972,11.253,5.732,1.486,2.972,7.006,1
Positive_92,9.344,6.885,5.246,4.59,0.328,6.393,2.459,6.885,0.82,6.885,8.033,8.689,2.295,1.967,3.607,6.885,5.738,0.164,3.77,9.016,1
Positive_93,7.553,5.74,2.568,5.136,2.87,5.438,4.079,5.74,2.719,4.683,10.121,5.589,3.021,4.985,6.042,8.61,4.683,1.813,2.115,6.495,1
Positive_94,6.245,5.811,3.209,4.51,2.342,6.592,5.377,5.898,3.469,3.556,10.147,5.811,2.515,4.423,6.331,6.765,5.117,1.821,3.209,6.852,1
Positive_95,6.966,5.195,5.903,6.257,0.826,6.966,3.424,5.667,2.243,6.494,9.917,7.674,2.715,4.723,3.778,4.132,4.723,1.417,4.132,6.848,1
Positive_96,9.816,3.681,3.681,2.761,2.761,3.374,2.454,3.681,1.534,9.509,12.577,4.601,2.761,5.828,6.748,5.521,3.067,2.147,3.681,9.816,1
Positive_97,8.584,5.664,3.54,3.717,1.239,7.965,2.92,7.788,2.124,2.92,8.496,7.257,1.593,2.566,7.965,10.619,5.752,1.15,2.655,5.487,1
Positive_98,4.669,2.724,7.782,3.113,1.946,7.004,4.28,4.669,1.946,4.28,10.506,6.615,1.167,5.837,6.226,6.226,5.447,3.113,4.28,8.171,1
Positive_99,4.942,5.523,3.488,5.523,2.616,8.576,4.506,5.814,3.488,4.942,10.465,8.721,3.052,5.523,3.924,5.669,3.924,1.017,3.343,4.942,1
Positive_100,8.738,10.68,3.883,3.883,0.485,8.252,4.369,7.282,1.456,3.883,10.194,9.709,1.942,1.942,2.913,5.34,2.913,0.485,3.883,7.767,1
Positive_101,5.079,4.127,3.175,7.937,2.222,5.714,3.492,6.349,2.857,6.032,8.571,8.889,2.54,6.349,6.984,5.079,5.079,1.27,3.492,4.762,1
Positive_102,7.41,6.676,3.155,5.136,2.715,7.483,4.035,6.383,2.788,3.742,10.271,4.109,1.834,3.228,5.356,8.584,4.696,2.054,3.081,7.263,1
Positive_103,7.539,5.1,5.322,4.878,2.217,8.204,4.656,7.539,2.882,5.543,7.982,3.326,3.769,4.878,3.769,6.874,4.878,0.887,2.882,6.874,1
Positive_104,5.232,5.082,4.335,5.007,2.466,6.278,2.915,5.381,2.242,6.428,9.193,7.549,2.392,3.662,4.559,9.567,7.25,1.196,3.737,5.531,1
Positive_105,6.587,3.992,2.794,1.597,1.397,4.192,1.996,7.585,1.198,9.98,12.375,4.192,2.794,6.786,5.389,6.986,6.188,1.397,3.593,8.982,1
Positive_106,10.432,6.115,3.237,4.317,1.799,5.755,1.799,8.993,1.439,5.036,8.993,5.396,3.237,2.518,3.957,8.273,6.475,1.079,0.719,10.432,1
Positive_107,3.542,3.27,5.995,2.18,1.362,2.452,4.36,5.995,1.09,7.902,11.444,3.27,1.362,8.992,4.632,7.902,5.995,2.725,4.087,11.444,1
Positive_108,5.247,6.173,4.321,4.475,2.16,4.475,5.093,5.401,3.549,4.938,8.333,5.864,3.086,4.475,5.556,10.185,6.327,1.389,2.315,6.636,1
Positive_109,4.558,3.485,7.239,4.29,2.949,5.094,4.29,5.094,3.485,8.311,11.528,7.507,2.413,4.021,4.29,6.166,6.971,1.877,2.413,4.021,1
Positive_110,4.362,4.137,4.991,5.98,0.899,6.43,4.631,5.216,3.103,5.531,9.083,5.71,2.428,3.507,6.79,11.106,6.385,1.978,3.687,4.047,1
Positive_111,5.769,5.769,4.167,5.769,1.282,6.731,5.769,6.09,2.885,4.487,10.256,4.487,3.846,2.244,4.808,6.09,4.167,0.962,3.205,11.218,1
Positive_112,7.014,4.525,4.072,3.167,4.525,3.846,2.715,4.751,1.131,7.692,12.896,6.561,2.262,4.751,6.335,7.466,4.525,2.262,3.167,6.335,1
Positive_113,11.15,7.666,2.439,4.355,1.22,6.62,4.007,8.711,1.742,7.143,8.362,3.484,2.091,2.962,4.878,6.794,4.181,0.697,1.568,9.93,1
Positive_114,6.585,5.443,4.214,3.512,2.107,6.848,2.634,8.341,2.107,5.619,10.272,4.126,3.6,4.214,5.004,7.463,5.882,1.756,2.722,7.55,1
Positive_115,6.166,4.558,5.094,3.217,1.34,6.702,3.217,6.166,2.145,6.166,11.26,6.971,1.072,4.29,4.826,7.775,5.362,2.145,4.558,6.971,1
Positive_116,11.218,2.564,3.526,3.846,0.962,6.41,4.487,11.538,0.641,5.449,10.577,6.731,1.282,3.205,4.167,5.449,5.769,0.0,1.282,10.897,1
Positive_117,6.183,4.57,5.108,3.495,1.344,6.989,3.226,5.914,1.882,5.108,11.828,6.452,0.806,3.763,5.108,7.796,5.645,2.151,4.839,7.796,1
Positive_118,6.742,4.869,3.745,7.491,0.936,7.678,3.933,6.18,2.247,5.431,10.112,8.24,1.873,3.745,4.12,5.431,5.805,2.06,4.12,5.243,1
Positive_119,7.203,4.237,3.602,5.085,2.754,3.178,2.966,4.449,2.754,8.051,11.229,5.085,3.39,5.932,3.39,8.475,6.144,1.059,2.966,8.051,1
Positive_120,6.407,3.621,5.014,3.343,2.786,1.95,1.671,3.343,1.671,11.421,12.813,6.407,2.507,7.799,4.735,6.964,5.571,1.393,4.735,5.85,1
Positive_121,6.226,6.031,3.502,6.615,1.751,9.339,4.086,5.642,1.946,5.447,9.144,8.755,2.529,4.28,4.086,5.642,4.086,0.973,2.918,7.004,1
Positive_122,6.067,5.649,4.045,5.091,1.674,6.974,4.812,7.392,2.72,4.742,8.856,6.276,2.092,4.114,6.206,6.764,5.3,1.464,2.929,6.834,1
Positive_123,11.944,3.747,4.45,3.513,1.171,5.621,3.044,9.133,1.171,6.089,8.665,7.026,3.981,1.639,4.45,6.557,4.918,0.468,2.576,9.836,1
Positive_124,6.624,4.06,4.06,5.769,4.06,7.265,3.419,5.983,2.778,6.197,10.043,7.051,3.205,4.701,4.274,7.906,3.846,0.0,2.991,5.769,1
Positive_125,10.835,6.039,3.73,5.151,1.599,5.684,3.73,10.124,1.954,6.75,8.171,4.973,2.131,4.085,4.796,5.151,3.552,0.71,3.908,6.927,1
Positive_126,5.172,2.351,4.545,6.27,2.508,7.837,5.172,4.859,2.665,5.956,8.777,5.643,2.038,3.605,7.053,9.091,6.113,1.881,2.821,5.643,1
Positive_127,4.587,5.505,3.67,9.633,1.835,4.128,1.376,7.339,2.294,6.881,9.633,7.339,3.211,4.128,4.128,5.046,5.046,0.0,5.046,9.174,1
Positive_128,8.316,6.491,2.028,5.477,2.434,7.099,5.477,7.708,2.231,2.84,12.373,4.868,2.434,4.057,4.057,6.288,3.245,1.623,2.434,8.519,1
Positive_129,5.774,5.512,4.199,8.136,1.312,6.824,3.412,8.399,3.412,3.675,11.024,5.512,2.887,4.462,5.249,5.774,4.462,1.05,2.362,6.562,1
Positive_130,8.571,5.714,3.429,7.429,0.571,9.143,4.0,6.857,4.0,1.714,15.429,6.857,2.857,4.571,2.286,4.571,4.0,0.571,4.0,3.429,1
Positive_131,6.19,6.465,4.402,5.915,1.376,6.465,4.127,7.153,3.714,4.264,11.554,4.952,1.788,5.365,4.539,4.677,4.677,1.788,4.402,6.19,1
Positive_132,10.169,5.838,3.202,5.461,1.883,6.968,2.825,7.721,2.26,7.345,7.156,6.968,3.013,3.202,4.52,5.273,5.461,0.565,1.695,8.475,1
Positive_133,8.319,9.817,3.161,4.992,1.664,9.484,4.825,4.992,2.163,3.494,8.652,8.652,1.83,4.16,3.993,4.493,4.493,1.664,2.829,6.323,1
Positive_134,10.585,5.014,3.621,4.178,1.671,6.964,3.343,8.357,1.95,7.242,6.128,5.292,3.9,4.178,6.128,5.014,3.621,1.393,2.228,9.192,1
Positive_135,6.182,5.636,4.182,3.273,1.636,5.091,2.0,3.818,2.182,5.273,11.091,4.909,2.545,10.545,4.727,6.909,4.182,2.727,5.273,7.818,1
Positive_136,8.899,7.728,1.171,4.918,2.81,8.431,5.386,9.133,3.044,1.639,10.539,3.747,3.747,5.152,5.855,3.044,2.81,3.044,3.279,5.621,1
Positive_137,3.216,4.678,5.556,3.509,2.924,2.339,2.924,3.509,0.585,9.064,11.404,6.725,2.339,9.357,4.386,7.018,8.187,1.17,3.509,7.602,1
Positive_138,5.373,5.672,3.582,6.269,0.896,8.06,3.881,6.567,2.687,6.866,7.761,10.746,2.09,4.179,4.179,6.269,5.672,0.299,3.582,5.373,1
Positive_139,7.706,5.779,3.853,7.531,1.051,6.48,3.327,7.531,4.203,4.378,10.158,6.48,2.452,4.553,4.203,4.553,4.904,0.876,4.028,5.954,1
Positive_140,8.889,6.667,0.556,5.0,1.667,7.222,3.889,9.444,1.111,3.889,16.111,4.444,1.111,4.444,6.111,6.111,3.333,0.556,2.222,7.222,1
Positive_141,6.602,5.243,5.534,6.699,1.262,6.117,4.951,6.893,3.981,5.243,7.379,3.107,2.136,5.049,4.854,5.243,5.728,2.427,4.757,6.796,1
Positive_142,9.144,2.724,3.307,3.502,1.946,3.502,2.918,7.782,1.362,9.533,11.479,3.113,5.058,5.253,5.447,8.171,4.864,0.973,3.307,6.615,1
Positive_143,12.014,9.541,1.413,8.834,0.353,4.24,2.12,7.067,2.827,4.24,12.014,2.12,1.767,4.24,6.36,8.127,3.887,0.0,1.413,7.42,1
Positive_144,4.955,4.955,4.279,6.081,2.252,7.883,3.153,4.73,3.604,4.955,10.36,8.559,1.351,6.532,4.73,7.432,4.73,0.45,3.378,5.631,1
Positive_145,12.796,5.45,2.37,5.687,0.711,6.398,2.607,8.057,2.844,4.976,10.427,3.791,1.659,2.607,4.739,6.872,5.45,1.896,2.133,8.531,1
Positive_146,7.121,5.263,5.263,5.573,2.477,7.121,3.715,4.644,2.477,4.644,11.146,8.05,1.238,4.025,5.882,5.573,2.477,0.929,4.334,8.05,1
Positive_147,10.638,4.836,4.062,5.416,1.741,5.222,5.029,9.284,1.161,4.836,7.157,5.609,1.934,4.836,4.836,4.449,5.416,1.354,3.288,8.897,1
Positive_148,6.438,4.149,5.579,2.861,3.577,4.721,2.861,4.435,1.574,7.01,13.591,5.579,2.289,6.295,4.721,7.868,7.439,0.715,3.72,4.578,1
Positive_149,9.37,3.554,1.616,2.423,1.616,4.362,2.746,8.239,1.292,5.977,15.186,2.262,2.746,5.17,4.685,7.916,6.139,1.939,3.716,9.047,1
Positive_150,6.901,6.399,3.388,5.395,1.004,7.654,3.513,10.289,1.004,4.768,10.163,7.779,1.757,4.893,5.019,4.141,5.395,1.38,2.384,6.775,1
Positive_151,7.652,4.522,4.261,3.739,1.652,6.0,2.696,6.957,2.348,6.261,10.957,4.783,3.913,4.696,4.0,7.913,6.0,1.565,2.783,7.304,1
Positive_152,7.647,2.353,6.618,4.559,0.0,5.882,4.559,7.794,1.029,5.882,8.971,5.735,2.206,3.088,3.529,10.294,7.647,0.441,5.0,6.765,1
Positive_153,6.757,4.955,4.73,5.856,1.802,8.108,4.73,7.883,2.252,4.054,7.207,3.378,3.829,5.18,4.505,5.856,6.982,0.901,3.604,7.432,1
Positive_154,5.237,4.23,5.035,4.23,3.323,7.754,4.23,5.438,2.115,5.237,8.761,5.337,2.417,5.841,4.33,9.063,5.136,1.511,4.129,6.647,1
Positive_155,9.847,7.221,2.188,4.814,1.532,6.346,3.939,7.221,2.626,6.565,8.096,4.814,3.063,1.532,5.908,7.221,5.033,0.875,3.282,7.877,1
Positive_156,10.714,3.571,1.786,7.143,0.0,14.286,7.143,1.786,1.786,7.143,8.929,3.571,5.357,3.571,3.571,1.786,3.571,1.786,5.357,7.143,1
Positive_157,5.655,4.167,2.381,3.869,2.679,6.25,4.167,6.548,2.976,4.762,12.5,4.167,1.19,8.631,2.381,8.036,4.464,1.488,3.869,9.821,1
Positive_158,4.527,3.292,4.115,6.584,2.469,6.173,3.704,7.407,2.881,6.584,12.346,4.938,2.469,4.115,4.938,4.115,9.053,1.646,2.881,5.761,1
Positive_159,8.738,11.65,1.942,7.767,0.0,5.825,5.825,3.883,2.913,8.738,9.709,4.854,1.942,1.942,4.854,1.942,7.767,0.0,0.971,8.738,1
Positive_160,4.319,5.98,1.993,6.312,1.329,4.983,3.654,6.977,3.654,7.309,10.963,5.316,3.654,4.983,8.97,4.983,4.651,0.997,3.322,5.648,1
Positive_161,7.136,5.963,4.203,5.572,2.053,6.354,4.692,5.67,3.617,4.888,9.189,4.888,2.444,4.888,5.865,5.963,5.181,1.369,3.03,7.038,1
Positive_162,5.024,5.808,5.181,6.279,2.198,8.006,2.983,5.651,2.669,6.279,8.791,6.279,2.826,4.239,4.867,7.064,5.024,1.099,3.768,5.965,1
Positive_163,6.715,10.072,3.118,6.235,1.679,6.954,2.398,8.393,2.638,4.556,11.031,4.077,2.158,3.357,5.516,5.276,5.516,1.439,2.638,6.235,1
Positive_164,5.882,10.924,1.681,5.882,0.84,7.563,0.84,5.882,2.521,6.723,12.605,5.042,2.521,7.563,9.244,1.681,3.361,0.0,7.563,1.681,1
Positive_165,8.413,3.824,2.486,2.868,2.103,4.971,2.677,7.648,1.912,8.222,10.707,4.398,3.059,7.648,4.207,8.031,5.163,0.956,2.486,8.222,1
Positive_166,8.886,6.627,3.012,5.12,2.711,6.024,3.614,10.392,3.313,4.217,8.584,4.367,2.259,3.313,3.916,5.873,6.024,0.904,3.765,7.078,1
Positive_167,7.903,5.471,3.951,5.775,1.368,4.863,4.559,5.927,2.736,3.647,10.486,5.775,2.128,5.927,5.775,8.207,5.623,1.064,3.191,5.623,1
Positive_168,9.498,6.272,3.763,5.376,1.075,6.631,2.151,9.498,2.688,6.81,7.168,5.914,2.509,4.122,4.659,6.631,4.659,0.896,3.763,5.914,1
Positive_169,6.971,4.686,5.371,5.6,2.857,8.114,6.514,3.886,2.971,6.286,9.829,6.629,2.514,4.8,3.314,6.4,4.914,1.029,2.057,5.257,1
Positive_170,10.549,6.118,3.586,4.43,0.633,8.017,6.329,6.54,1.688,4.641,12.447,4.641,1.899,3.586,4.43,6.751,3.586,0.633,2.532,6.962,1
Positive_171,8.815,8.435,2.888,6.459,0.912,8.359,3.951,7.979,1.824,5.547,9.119,4.939,2.28,2.736,4.787,4.103,4.939,0.76,2.888,8.283,1
Positive_172,5.751,3.834,4.792,6.07,2.875,7.348,2.875,5.751,4.473,8.626,8.946,7.348,2.236,4.473,6.07,3.195,5.751,0.639,4.153,4.792,1
Positive_173,7.275,3.902,4.167,5.093,1.852,8.73,4.299,5.754,2.05,5.225,7.87,9.788,1.918,3.307,5.357,5.886,5.489,1.786,3.175,7.077,1
Positive_174,7.187,2.464,3.285,2.875,1.848,3.696,2.464,7.598,1.848,7.598,12.526,4.723,2.259,7.598,3.696,9.035,7.392,2.259,3.901,5.749,1
Positive_175,6.746,5.159,3.819,4.663,2.083,6.696,3.522,5.804,1.339,6.052,11.26,4.117,3.423,6.151,5.258,7.837,5.853,1.637,2.679,5.903,1
Positive_176,6.365,4.858,4.188,5.695,1.34,9.213,3.183,6.03,3.183,6.7,8.878,8.04,3.518,4.188,5.193,3.685,6.365,0.335,3.685,5.36,1
Positive_177,8.27,6.311,1.741,5.223,1.197,10.881,4.57,6.202,1.306,3.808,9.576,7.726,0.979,2.72,7.835,7.835,4.897,0.762,1.959,6.202,1
Positive_178,9.635,3.987,2.99,2.99,2.99,3.322,4.319,9.635,0.332,4.651,10.631,6.312,3.654,6.312,3.987,7.641,5.316,0.664,4.319,6.312,1
Positive_179,7.116,4.494,5.618,5.805,1.498,8.24,4.869,5.993,2.247,7.678,9.738,6.18,1.685,4.307,3.745,6.554,4.494,0.936,3.371,5.431,1
Positive_180,8.195,4.651,2.215,4.983,1.772,5.537,5.426,5.759,3.212,4.43,9.745,6.645,2.547,3.322,5.759,6.645,6.091,2.99,3.212,6.866,1
Positive_181,5.063,5.154,3.345,5.244,1.718,8.499,3.888,5.606,2.351,4.882,11.302,3.436,2.351,2.984,6.962,8.318,5.696,1.085,3.797,8.318,1
Positive_182,8.159,5.376,3.163,4.175,1.771,5.123,4.491,5.313,2.404,7.084,13.409,4.175,2.277,5.123,3.858,7.147,5.819,1.455,2.467,7.211,1
Positive_183,7.981,4.225,3.286,3.286,1.174,5.634,3.052,7.042,1.878,10.798,9.39,5.399,0.704,5.869,3.756,7.042,7.746,1.878,2.347,7.512,1
Positive_184,10.016,2.862,3.816,3.657,2.385,4.134,2.226,8.585,0.477,6.518,12.878,3.816,3.021,5.723,4.134,6.995,5.564,1.59,2.703,8.903,1
Positive_185,5.347,3.762,3.168,7.129,1.98,6.931,4.752,4.158,2.772,6.931,10.297,7.723,3.366,5.347,4.95,7.723,5.149,0.198,3.564,4.752,1
Positive_186,6.035,5.931,3.642,4.266,1.977,6.348,3.746,6.972,2.081,5.723,10.406,5.515,1.873,4.266,5.411,7.7,6.035,2.289,3.33,6.452,1
Positive_187,7.073,3.7,3.264,4.679,2.176,5.658,4.461,6.746,1.197,7.617,9.793,6.202,3.591,4.026,3.917,7.617,6.311,0.762,1.741,9.467,1
Positive_188,6.774,4.813,3.565,5.526,1.783,7.308,2.852,5.882,3.565,4.813,10.517,6.952,2.496,5.704,4.635,5.348,4.635,1.248,4.991,6.595,1
Positive_189,7.792,3.463,2.597,4.762,1.732,6.494,5.195,7.792,2.597,4.329,9.091,6.061,2.165,5.628,4.762,6.061,6.494,2.597,3.463,6.926,1
Positive_190,9.81,6.962,2.215,4.826,1.741,6.566,4.747,7.358,2.057,3.244,10.918,4.509,1.503,3.323,7.911,5.459,4.193,2.532,2.69,7.437,1
Positive_191,13.166,4.389,1.254,5.016,1.254,4.702,3.135,8.777,3.448,5.329,11.285,5.329,2.821,2.821,5.016,7.837,5.643,0.0,0.627,8.15,1
Positive_192,7.431,4.246,3.609,8.28,1.274,5.096,4.459,5.52,2.335,6.794,7.006,7.431,2.76,7.006,5.308,7.219,5.52,0.637,3.185,4.883,1
Positive_193,7.047,4.362,4.027,4.474,1.23,6.711,4.81,6.152,1.678,6.935,10.962,7.718,2.125,3.803,2.908,9.396,5.481,0.447,3.244,6.488,1
Positive_194,4.735,4.735,3.598,6.061,0.758,5.682,3.22,6.061,2.462,6.061,8.902,6.629,2.462,6.25,5.492,7.008,6.061,1.515,5.492,6.818,1
Positive_195,5.394,5.533,4.149,5.256,2.213,9.82,4.011,7.192,2.628,6.086,8.16,8.437,2.351,5.256,4.288,5.118,4.011,1.798,3.596,4.703,1
Positive_196,9.587,5.31,3.687,4.277,1.032,5.31,4.572,8.26,1.917,5.752,10.177,5.015,1.475,6.195,5.015,5.752,5.162,0.59,3.687,7.227,1
Positive_197,5.543,2.309,9.238,3.233,2.079,6.697,5.081,6.005,0.924,6.467,10.855,4.85,2.54,3.695,2.771,9.469,5.774,0.924,4.619,6.928,1
Positive_198,7.158,4.632,4.211,4.632,2.105,6.526,2.737,6.737,3.368,5.263,8.0,7.368,1.474,4.421,4.211,9.053,5.263,1.895,3.579,7.368,1
Positive_199,7.214,4.478,3.234,4.975,0.249,4.726,5.473,5.721,3.234,3.731,10.448,4.726,4.478,6.219,5.473,6.965,6.716,0.995,2.239,8.706,1
Positive_200,6.38,5.341,3.858,6.528,1.929,7.122,4.599,4.896,2.522,6.528,8.754,5.638,2.374,5.193,5.045,4.896,4.451,2.226,4.451,7.27,1
Positive_201,7.012,3.005,3.84,3.172,2.337,2.838,3.005,8.347,0.501,8.013,9.85,3.84,3.506,7.346,4.674,7.513,5.175,3.339,5.008,7.679,1
Positive_202,7.612,5.882,3.806,4.498,1.384,6.228,4.498,9.689,2.768,4.152,8.997,4.152,4.152,5.19,5.19,4.498,5.19,1.038,3.114,7.958,1
Positive_203,7.2,6.0,4.4,5.6,2.4,5.8,4.2,7.0,3.2,6.2,9.8,6.0,3.0,6.0,5.2,6.4,3.4,1.0,2.4,4.8,1
Positive_204,8.821,4.411,1.764,4.731,0.642,6.816,4.411,7.698,2.967,4.09,12.751,2.406,2.406,2.646,6.576,7.378,6.496,1.203,2.887,8.901,1
Positive_205,4.467,5.211,2.978,6.203,2.233,6.948,4.963,7.196,1.985,4.715,10.422,8.437,2.73,4.218,5.955,4.963,3.97,1.489,4.218,6.7,1
Positive_206,5.887,6.706,3.8,6.855,0.522,9.091,4.322,7.899,1.416,6.259,9.463,5.961,2.757,3.279,4.173,5.514,4.471,0.298,3.204,8.122,1
Positive_207,10.299,2.99,1.329,2.99,2.658,3.322,4.319,10.963,0.997,4.319,10.631,6.977,4.651,6.312,3.322,6.645,4.983,0.664,4.651,6.977,1
Positive_208,4.456,5.526,3.03,7.665,1.426,6.774,2.852,5.526,3.209,4.278,10.695,6.417,2.852,6.061,4.278,7.308,6.061,0.891,5.526,5.169,1
Positive_209,5.132,4.47,4.801,4.305,2.152,5.96,5.132,6.126,3.146,5.629,9.437,5.629,2.483,6.291,6.623,5.795,5.629,0.993,4.47,5.795,1
Positive_210,7.067,4.267,7.6,5.733,1.6,7.333,4.4,5.6,1.2,6.8,8.8,7.2,2.267,3.733,3.333,6.267,4.933,2.0,4.533,5.333,1
Positive_211,7.28,2.682,6.513,5.364,0.383,4.981,3.448,6.13,4.215,3.831,7.663,6.897,1.149,4.215,6.513,11.494,5.364,2.299,3.065,6.513,1
Positive_212,9.714,5.429,5.143,4.571,0.857,6.0,2.571,7.143,3.143,7.429,9.429,6.286,3.143,0.857,5.714,5.143,4.857,0.857,1.143,10.571,1
Positive_213,4.187,4.68,2.956,4.926,1.724,4.68,3.202,9.852,1.478,5.911,9.113,4.68,3.202,5.419,4.433,9.113,8.621,1.724,4.187,5.911,1
Positive_214,8.864,4.709,4.247,3.324,2.031,5.91,3.601,8.033,1.939,5.263,10.988,3.786,3.693,4.617,4.524,6.741,5.54,1.662,2.77,7.756,1
Positive_215,9.926,5.185,2.815,4.148,1.037,5.778,4.296,8.444,1.481,4.889,9.481,5.778,1.778,7.556,5.185,5.333,5.481,0.444,2.815,8.148,1
Positive_216,6.681,4.957,5.172,5.172,1.724,8.19,2.802,4.526,1.078,5.172,9.698,7.974,2.802,5.819,4.526,7.543,5.603,1.078,2.586,6.897,1
Positive_217,10.396,3.63,3.713,5.033,0.99,5.446,2.723,8.498,2.063,6.766,9.818,5.611,2.475,4.538,4.62,7.178,5.116,1.32,2.97,7.096,1
Positive_218,6.236,3.786,6.013,5.791,1.336,7.795,4.454,6.904,1.782,4.232,7.795,3.786,3.786,5.122,4.232,8.686,6.236,0.891,3.341,7.795,1
Positive_219,7.54,2.381,3.968,1.389,1.587,4.563,2.778,6.151,2.183,8.135,13.095,3.968,3.968,7.143,5.952,7.738,5.754,0.595,3.968,7.143,1
Positive_220,10.714,8.135,3.373,5.754,1.587,5.556,4.167,7.341,2.381,4.167,11.111,4.365,2.183,4.167,4.762,5.952,4.762,0.794,3.175,5.556,1
Positive_221,9.194,5.062,3.512,7.748,1.343,6.715,4.339,8.058,1.756,5.062,9.504,6.818,2.479,3.822,3.616,5.062,5.372,0.826,2.686,7.025,1
Positive_222,9.778,4.0,5.111,5.333,1.333,6.667,2.0,9.778,3.111,7.333,6.0,5.333,2.667,3.333,4.444,3.556,7.111,0.667,3.556,8.889,1
Positive_223,7.473,1.423,8.185,6.406,0.356,4.982,1.423,4.27,1.068,7.829,9.253,16.014,1.423,2.847,3.203,8.185,4.626,0.0,4.626,6.406,1
Positive_224,7.358,6.856,3.679,5.518,0.836,7.692,4.348,7.358,1.839,4.181,8.194,5.686,1.672,2.174,8.361,10.033,5.351,0.836,2.843,5.184,1
Positive_225,7.345,4.237,4.52,4.802,0.847,5.65,4.802,6.215,2.542,4.52,13.842,7.345,3.39,4.237,3.955,6.215,6.78,1.412,3.107,4.237,1
Positive_226,11.255,7.611,2.348,5.587,1.7,6.397,2.51,8.178,2.591,4.372,9.798,4.13,1.7,4.858,6.397,4.372,4.858,0.729,3.887,6.721,1
Positive_227,4.812,6.485,3.347,5.021,1.674,4.603,4.603,3.347,1.464,6.695,13.598,3.138,2.092,4.184,6.276,7.322,5.23,2.929,4.393,8.787,1
Positive_228,7.398,4.847,2.551,4.847,1.531,4.337,4.337,9.439,3.316,5.612,13.52,5.357,2.806,2.551,6.378,6.378,4.337,1.276,3.316,5.867,1
Positive_229,6.459,6.22,1.196,4.545,1.675,5.742,4.785,8.373,3.11,5.024,13.397,7.177,3.11,3.589,4.545,6.938,5.502,1.196,1.675,5.742,1
Positive_230,5.0,2.692,3.846,7.308,0.385,5.0,4.231,8.462,4.615,3.462,10.0,9.231,0.769,4.615,6.538,6.923,4.615,2.692,3.077,6.538,1
Positive_231,7.26,5.082,2.359,5.445,1.996,7.441,4.356,8.348,2.541,6.352,9.256,6.715,2.359,2.722,5.808,5.989,6.171,1.452,1.452,6.897,1
Positive_232,5.431,7.348,2.556,6.709,1.597,6.07,4.792,7.987,2.875,6.07,10.543,4.792,2.875,4.473,7.348,4.792,4.153,1.597,3.514,4.473,1
Positive_233,6.944,4.419,5.808,4.924,2.02,7.197,3.914,5.556,1.894,6.818,9.343,7.449,2.904,3.03,3.788,6.187,5.934,1.515,4.924,5.429,1
Positive_234,12.621,6.311,3.398,2.427,0.971,4.854,1.456,10.194,1.456,2.913,13.107,5.34,1.942,4.369,6.796,6.796,4.369,0.971,3.398,6.311,1
Positive_235,9.932,3.425,3.425,2.74,1.37,5.822,2.397,6.164,3.082,5.822,10.616,6.507,5.479,4.11,2.055,8.219,4.795,0.342,5.137,8.562,1
Positive_236,2.674,4.278,5.348,4.813,0.535,8.556,3.743,6.952,1.604,4.813,10.16,9.091,3.743,4.813,6.417,6.417,3.743,1.604,3.209,7.487,1
Positive_237,9.11,4.969,4.141,4.762,2.07,6.211,3.52,8.489,3.313,4.555,10.559,6.211,2.07,3.52,4.555,6.211,5.176,0.414,3.934,6.211,1
Positive_238,13.383,4.833,2.974,5.576,0.372,4.089,3.717,10.409,1.859,7.435,10.037,3.346,3.717,2.602,4.833,5.948,4.833,1.487,2.23,6.32,1
Positive_239,5.66,6.386,2.612,5.806,2.032,8.708,4.644,5.951,3.048,4.499,11.03,7.837,3.483,5.225,4.499,5.951,3.193,1.016,3.193,5.225,1
Positive_240,7.085,7.407,3.221,5.636,2.576,5.314,3.14,8.374,1.932,3.865,7.568,3.462,1.852,4.831,5.797,8.213,4.67,0.644,4.267,10.145,1
Positive_241,5.991,4.575,5.011,5.011,1.525,5.882,3.05,6.427,1.852,7.081,10.566,5.991,2.941,4.466,4.031,7.081,6.645,1.961,4.248,5.664,1
Positive_242,7.329,7.092,3.783,6.383,2.128,5.674,2.837,5.674,2.837,7.329,5.91,5.674,2.837,4.255,6.856,5.201,6.147,2.6,3.783,5.674,1
Positive_243,6.391,5.859,3.728,4.261,0.932,5.726,3.995,7.324,4.794,2.929,9.188,3.196,1.731,5.593,8.256,5.992,6.125,2.397,4.527,7.057,1
Positive_244,5.66,3.145,4.717,1.887,3.145,2.516,0.943,3.459,1.887,9.119,15.094,4.403,4.403,6.604,2.83,7.862,6.289,1.572,5.031,9.434,1
Positive_245,7.757,6.499,2.935,4.403,0.839,5.451,5.241,9.224,2.935,3.983,13.627,4.822,1.468,5.87,4.193,6.289,5.241,1.258,2.725,5.241,1
Positive_246,7.727,7.159,4.545,6.477,0.341,9.318,3.068,6.477,1.705,8.636,9.318,4.886,2.159,1.932,3.068,6.591,5.455,0.227,2.727,8.182,1
Positive_247,5.015,4.499,3.909,5.088,2.434,7.596,3.761,6.268,1.917,5.9,9.145,6.195,1.917,3.024,5.236,8.333,6.711,1.401,3.54,8.112,1
Positive_248,3.871,3.871,5.161,4.516,0.645,7.097,3.226,9.032,3.871,7.742,6.452,8.387,3.226,5.161,4.516,7.097,3.226,1.29,4.516,7.097,1
Positive_249,6.14,8.772,4.386,4.825,2.632,7.895,1.754,7.018,3.947,3.947,10.088,3.947,1.316,4.825,6.579,11.842,3.947,0.877,1.316,3.947,1
Positive_250,8.136,5.085,2.712,7.458,2.712,4.068,3.729,8.475,3.39,3.729,9.831,5.763,2.034,3.051,4.068,6.441,5.085,1.695,4.746,7.797,1
Positive_251,5.719,5.065,4.248,4.412,2.288,7.68,4.412,5.882,3.595,4.739,10.294,6.373,2.778,4.739,5.065,6.373,4.575,1.797,3.758,6.209,1
Positive_252,5.803,4.836,3.868,4.062,2.708,8.124,3.095,7.93,2.708,6.77,8.897,6.383,1.934,3.095,5.029,6.77,4.836,0.774,3.675,8.704,1
Positive_253,10.233,5.349,3.721,4.884,1.628,4.884,4.186,8.372,2.558,5.581,7.907,6.744,2.791,4.884,4.884,5.581,4.884,1.628,2.791,6.512,1
Positive_254,7.617,3.194,4.177,2.948,2.703,4.177,2.457,2.948,2.457,6.88,8.108,3.686,3.686,5.897,5.16,8.354,6.88,2.211,5.897,10.565,1
Positive_255,3.301,2.718,4.66,7.184,1.553,8.932,2.524,4.854,2.136,5.825,10.485,4.078,2.524,4.466,6.796,10.874,6.214,1.359,3.107,6.408,1
Positive_256,6.619,4.173,6.187,4.173,3.309,4.317,3.165,3.741,3.453,8.921,12.662,3.885,2.302,5.18,3.885,8.489,5.18,0.863,3.309,6.187,1
Positive_257,9.706,2.941,3.824,4.118,2.353,5.882,4.412,6.471,1.765,7.353,8.529,6.176,1.471,2.059,5.882,7.059,5.882,0.882,2.647,10.588,1
Positive_258,7.767,8.252,6.796,9.223,1.942,11.65,6.311,6.796,0.485,5.34,7.767,5.825,6.311,0.971,0.971,4.854,3.398,0.485,0.485,4.369,1
Positive_259,12.786,6.595,3.096,3.634,1.077,5.384,4.711,8.075,1.884,2.288,11.709,1.615,1.75,4.576,5.922,6.46,3.903,3.499,4.038,6.999,1
Positive_260,7.312,3.441,4.301,4.731,1.935,7.742,2.366,6.452,4.086,7.097,11.183,8.172,1.935,4.301,4.946,4.731,4.301,1.075,3.441,6.452,1
Positive_261,6.993,3.497,6.993,2.797,1.399,6.993,11.189,4.196,1.399,6.993,15.385,4.196,1.399,0.0,0.699,5.594,7.692,7.692,2.098,2.797,1
Positive_262,8.677,3.905,3.688,7.375,2.603,6.074,3.471,6.508,1.735,5.206,7.158,6.291,2.82,5.206,4.772,7.158,4.555,1.085,3.688,8.026,1
Positive_263,6.727,6.21,3.105,4.916,1.552,5.563,3.752,6.339,2.975,5.045,9.702,5.692,3.493,4.657,4.398,7.374,5.692,2.329,4.269,6.21,1
Positive_264,7.342,5.57,2.025,7.848,2.532,5.316,4.304,8.608,3.038,5.57,7.848,5.57,2.532,3.038,4.051,5.063,5.316,1.013,3.291,10.127,1
Positive_265,6.466,6.25,4.095,6.25,1.724,4.741,3.233,3.664,1.94,5.819,9.914,5.819,4.095,7.112,4.957,6.897,5.603,1.724,3.879,5.819,1
Positive_266,7.933,4.603,4.016,4.114,1.959,4.505,2.938,7.64,2.155,8.129,9.892,4.407,2.449,5.289,5.093,7.15,5.583,1.959,3.33,6.856,1
Positive_267,8.428,4.784,4.1,5.467,1.367,6.15,2.05,8.2,2.278,6.15,10.478,6.378,1.595,3.645,5.239,5.239,5.011,1.367,4.1,7.973,1
Positive_268,5.208,6.25,2.708,5.833,1.458,10.208,3.542,6.25,2.708,4.167,8.542,7.5,3.333,5.625,4.583,4.792,6.25,1.458,3.75,5.833,1
Positive_269,6.102,4.921,5.118,2.756,2.953,4.724,4.331,4.331,3.15,6.693,9.449,5.118,3.346,6.496,5.512,4.528,5.512,2.756,5.315,6.89,1
Positive_270,8.291,5.161,3.553,4.061,1.523,6.937,3.807,8.206,2.2,2.876,8.46,6.345,1.946,2.876,7.868,9.475,6.261,1.1,2.792,6.261,1
Positive_271,8.159,2.929,3.766,2.301,1.464,3.347,2.301,8.368,1.046,5.858,10.879,5.858,3.347,7.113,5.858,9.623,4.184,1.255,4.184,8.159,1
Positive_272,8.879,4.863,3.171,3.805,2.114,9.302,4.017,6.342,2.114,7.188,11.416,6.342,1.691,4.017,4.651,5.708,3.805,0.634,3.171,6.765,1
Positive_273,5.133,5.544,3.901,4.107,2.669,4.312,3.285,4.928,2.464,5.749,11.294,6.776,3.696,4.928,4.517,8.83,5.544,2.259,3.696,6.366,1
Positive_274,5.941,4.95,3.96,5.941,2.97,7.673,4.208,5.941,1.98,6.683,7.921,6.683,3.713,4.208,4.455,8.168,6.436,0.743,1.733,5.693,1
Positive_275,9.379,5.655,3.448,4.276,1.241,7.724,4.414,6.621,3.172,6.069,7.034,6.483,3.586,3.31,4.276,7.172,5.241,0.69,2.759,7.448,1
Positive_276,5.988,6.886,3.593,5.389,4.192,9.281,3.593,4.79,2.395,5.09,11.677,5.689,3.892,3.293,2.994,7.485,4.79,1.497,2.994,4.491,1
Positive_277,5.635,4.098,5.533,5.43,2.459,5.943,2.561,5.635,2.254,5.328,8.504,6.762,2.459,4.406,5.123,8.094,6.045,1.434,4.303,7.992,1
Positive_278,5.598,4.071,4.326,4.835,0.763,8.397,4.835,7.125,3.308,5.344,8.142,8.397,2.799,5.089,4.326,5.089,4.58,1.272,4.071,7.634,1
Positive_279,7.243,5.332,2.918,4.93,2.314,4.527,4.829,7.042,3.219,5.03,11.569,3.421,1.71,4.628,7.243,8.954,4.527,1.308,3.119,6.137,1
Positive_280,10.405,4.865,3.784,6.757,0.405,5.946,2.838,10.676,1.622,3.378,8.378,4.73,2.432,3.514,6.757,4.865,5.676,3.243,2.838,6.892,1
Positive_281,6.908,4.454,4.842,4.261,1.614,5.423,3.486,5.487,2.195,7.36,13.234,5.1,2.841,4.777,3.228,7.101,6.779,1.614,2.97,6.327,1
Positive_282,8.7,4.626,4.075,5.947,1.432,8.48,3.304,7.269,2.313,3.634,12.996,5.617,3.634,2.863,3.965,6.278,4.185,0.551,2.863,7.269,1
Positive_283,5.628,4.329,5.411,4.113,1.082,4.545,2.165,5.411,1.732,6.061,8.009,6.71,3.896,5.844,4.762,8.442,9.957,1.732,3.68,6.494,1
Positive_284,9.646,3.537,3.215,7.395,0.643,7.074,2.572,11.254,1.608,8.36,4.502,8.039,2.572,5.145,2.572,4.18,7.395,0.322,2.894,7.074,1
Positive_285,7.614,4.569,3.046,5.838,2.792,3.299,3.299,6.853,2.03,7.868,10.66,5.076,4.315,5.838,3.807,4.569,4.569,2.538,4.569,6.853,1
Positive_286,11.654,3.383,3.759,2.82,1.316,5.075,2.256,9.398,1.316,6.767,12.97,3.571,2.256,4.135,4.887,7.143,6.015,0.564,1.504,9.211,1
Positive_287,8.824,6.127,2.696,4.902,0.98,7.598,3.676,5.882,3.676,2.696,7.843,3.676,2.451,5.637,7.108,6.127,6.373,2.206,2.451,9.069,1
Positive_288,7.402,3.769,4.441,5.249,2.557,5.653,4.711,6.057,3.365,6.729,9.421,6.595,2.288,5.114,3.499,8.21,4.441,1.211,2.692,6.595,1
Positive_289,19.643,5.357,3.571,3.571,0.0,6.548,4.167,6.548,1.786,2.976,11.31,2.381,1.786,3.571,4.762,5.357,5.952,0.0,1.19,9.524,1
Positive_290,4.891,5.027,5.027,7.473,1.495,7.201,5.027,3.668,3.125,4.348,10.326,4.891,3.533,3.261,4.62,10.734,6.793,0.951,2.446,5.163,1
Positive_291,8.057,7.109,4.147,6.161,0.237,4.502,7.464,7.82,0.592,4.502,9.834,4.739,3.199,2.962,6.161,5.924,4.739,1.54,3.555,6.754,1
Positive_292,5.426,4.651,4.651,3.101,0.775,6.977,4.651,5.426,2.326,3.876,10.853,5.426,3.101,4.651,5.426,9.302,6.202,1.55,4.651,6.977,1
Positive_293,4.992,5.071,4.2,5.468,1.823,7.607,3.803,5.23,1.743,5.309,10.935,6.577,2.139,4.596,4.834,5.705,6.26,1.585,4.12,8.003,1
Positive_294,8.929,5.769,3.709,5.495,1.511,6.456,3.571,7.418,2.198,5.907,8.104,6.181,3.159,3.159,3.709,7.28,4.533,0.962,2.473,9.478,1
Positive_295,6.775,6.775,2.981,5.962,1.355,8.943,3.794,3.794,2.71,4.336,6.233,6.504,2.439,4.607,7.317,9.756,6.233,1.084,2.71,5.691,1
Positive_296,7.668,4.952,3.035,5.591,1.278,4.952,5.112,4.792,3.355,4.633,10.543,6.55,3.195,4.473,5.591,7.348,4.952,1.118,3.834,7.029,1
