seq_name,PAAC1,PAAC2,PAAC3,PAAC4,PAAC5,PAAC6,PAAC7,PAAC8,PAAC9,PAAC10,PAAC11,PAAC12,PAAC13,PAAC14,PAAC15,PAAC16,PAAC17,PAAC18,PAAC19,PAAC20,PAAC21,PAAC22,PAAC23,PAAC24,PAAC25,PAAC26,druggable
Positive_0,1.23,1.013,0.398,0.687,0.362,0.687,0.615,1.266,0.398,0.362,1.736,0.615,0.542,0.362,0.759,0.868,0.796,0.108,0.325,1.447,13.611,13.976,14.238,14.682,14.573,14.347,1
Positive_1,1.429,0.733,0.77,0.55,0.586,0.623,0.33,0.66,0.257,1.392,1.502,0.696,0.33,0.989,0.77,1.722,1.063,0.33,0.366,1.246,14.014,13.769,13.434,13.908,14.3,14.234,1
Positive_2,0.959,0.648,0.863,0.623,0.528,0.911,0.648,0.911,0.408,0.959,1.487,0.623,0.456,0.72,0.911,1.079,0.887,0.336,0.695,0.695,13.791,14.513,13.799,13.691,14.252,14.605,1
Positive_3,1.684,0.86,0.339,0.8,0.218,0.909,0.594,4.738,0.109,0.291,0.582,0.691,0.158,0.327,3.369,0.727,0.545,0.073,0.158,0.569,15.283,14.955,10.36,15.585,15.31,10.768,1
Positive_4,0.705,0.876,0.769,0.748,0.502,1.133,0.406,0.983,0.395,0.705,1.453,0.716,0.321,0.63,0.876,1.122,0.737,0.214,0.545,0.929,14.36,14.382,13.939,14.699,13.931,13.924,1
Positive_5,2.123,0.962,0.382,0.637,0.099,0.325,0.424,1.514,0.17,0.75,1.811,0.297,0.198,0.594,1.146,0.863,1.047,0.368,0.396,1.373,13.708,13.778,13.956,14.15,14.552,14.374,1
Positive_6,0.946,0.991,0.563,0.788,0.586,1.149,0.586,1.104,0.293,0.496,1.149,0.653,0.203,0.473,0.743,0.856,0.811,0.315,0.473,0.834,14.559,14.972,14.104,13.935,13.851,14.566,1
Positive_7,1.393,0.597,0.199,0.398,0.398,1.194,0.995,0.796,0.199,1.194,3.382,0.995,0.199,0.199,0.796,0.597,1.194,0.0,1.194,1.194,13.088,12.361,14.303,14.876,15.278,12.985,1
Positive_8,1.717,0.987,0.215,0.773,0.343,0.859,0.429,0.987,0.386,0.515,1.502,0.515,0.472,0.515,0.944,0.816,0.472,0.129,0.515,1.073,13.967,15.518,13.5,13.308,13.896,15.646,1
Positive_9,2.008,0.65,0.311,0.424,0.226,0.537,0.594,1.499,0.453,0.877,2.8,0.226,0.453,1.018,1.018,1.612,0.848,0.339,0.594,1.471,14.232,13.882,12.822,13.388,14.16,13.558,1
Positive_10,1.638,1.495,0.356,0.855,0.214,0.855,0.427,0.783,0.285,0.427,1.638,0.0,0.071,0.356,1.068,0.712,0.641,0.285,0.142,1.139,15.577,15.764,14.78,12.317,13.977,14.198,1
Positive_11,0.445,0.795,0.922,0.763,0.7,0.731,0.413,1.24,0.286,1.24,0.7,0.7,0.223,0.413,0.668,1.526,1.081,0.382,0.541,1.145,13.893,14.422,14.243,14.601,13.826,14.101,1
Positive_12,1.009,0.969,0.277,1.068,0.376,0.574,0.514,1.325,0.277,0.277,1.226,0.435,0.178,0.87,1.167,0.87,0.989,0.277,0.534,0.771,14.301,13.28,14.769,14.755,14.462,14.448,1
Positive_13,2.525,1.476,0.194,0.155,0.427,0.194,0.311,1.592,0.272,0.311,2.564,0.039,0.272,0.466,1.088,1.554,0.505,0.388,0.155,1.126,13.467,14.092,13.701,14.435,13.865,14.826,1
Positive_14,1.292,0.914,0.347,0.441,0.725,0.788,0.914,1.229,0.315,0.441,1.702,0.536,0.347,0.441,1.135,0.946,0.82,0.315,0.41,0.756,13.111,15.037,14.704,14.904,13.83,13.6,1
Positive_15,1.207,1.119,0.294,0.824,0.471,0.854,0.589,1.766,0.324,0.5,1.354,0.736,0.353,0.442,1.914,1.266,0.471,0.147,0.236,0.824,13.33,14.499,13.714,14.263,13.581,14.922,1
Positive_16,1.169,0.39,1.169,0.39,0.39,0.0,1.559,1.559,0.39,2.338,3.507,0.39,0.78,2.728,0.39,3.897,1.559,0.0,0.0,1.169,11.447,11.672,12.778,12.671,14.323,13.337,1
Positive_17,1.163,0.776,0.646,0.646,0.776,0.517,0.646,0.776,0.302,1.336,1.81,0.517,0.517,0.948,0.776,1.12,1.077,0.345,0.646,1.379,13.199,14.202,13.893,13.324,14.16,14.503,1
Positive_18,1.209,1.105,0.455,0.715,0.312,0.78,0.442,1.209,0.364,0.728,1.638,0.455,0.312,0.598,1.248,1.339,0.767,0.156,0.364,0.871,14.094,13.966,13.974,13.936,14.787,14.177,1
Positive_19,1.303,1.098,0.515,0.343,0.515,0.858,0.446,0.995,0.069,0.652,1.852,0.823,0.412,0.549,1.063,1.201,1.201,0.446,0.549,0.892,13.924,14.871,13.474,13.096,14.082,14.776,1
Positive_20,1.454,0.727,0.318,0.681,0.591,0.5,0.273,0.954,0.5,0.727,2.589,0.681,0.5,0.681,0.727,1.544,0.772,0.363,0.5,1.272,13.957,13.778,14.023,13.524,14.317,14.047,1
Positive_21,0.991,0.757,0.408,0.495,0.495,0.932,0.612,1.224,0.612,0.787,1.369,0.757,0.553,0.816,0.903,0.903,0.816,0.146,0.32,1.078,14.473,14.832,13.814,13.05,14.293,14.563,1
Positive_22,1.104,0.552,1.552,0.655,0.276,0.828,1.035,1.0,0.31,0.897,1.552,0.655,0.173,0.483,1.38,1.69,1.828,0.276,0.621,1.276,13.007,12.989,14.113,14.367,13.624,13.76,1
Positive_23,1.369,1.004,0.867,0.502,0.593,0.411,0.502,0.73,0.228,1.186,2.145,0.593,0.274,0.684,0.502,1.232,1.186,0.319,0.593,1.46,14.465,14.285,12.777,12.949,14.137,15.005,1
Positive_24,1.799,0.962,0.349,0.683,0.112,0.293,0.391,1.353,0.181,0.642,1.757,0.307,0.404,0.642,1.227,0.837,1.158,0.418,0.377,1.423,14.158,14.227,13.79,13.982,14.296,14.234,1
Positive_25,1.183,0.86,1.398,0.645,0.215,0.753,0.968,0.323,0.323,0.968,3.011,0.753,0.43,0.538,1.291,0.753,1.183,0.215,0.108,0.43,13.838,15.122,13.095,13.234,14.157,14.206,1
Positive_26,1.461,0.739,0.361,0.667,0.487,0.992,1.28,1.731,0.343,0.415,1.569,0.721,0.397,0.505,1.334,1.461,0.667,0.144,0.595,0.721,13.645,14.151,13.329,13.91,14.026,14.35,1
Positive_27,1.012,0.716,0.519,0.617,0.37,0.963,0.765,1.062,0.519,0.741,1.555,0.568,0.346,0.617,1.136,1.012,0.79,0.222,0.642,1.062,13.61,13.877,14.105,14.478,14.174,14.524,1
Positive_28,0.883,0.917,0.442,0.748,0.51,1.155,0.578,1.189,0.204,0.612,1.563,1.019,0.612,0.68,1.325,1.223,0.815,0.034,0.374,0.544,14.076,14.832,13.899,13.66,13.968,14.138,1
Positive_29,1.561,0.694,0.833,0.694,0.555,0.729,0.555,0.867,0.278,1.11,1.388,0.347,0.451,0.937,1.041,1.318,0.798,0.52,0.451,1.422,14.165,14.347,13.669,13.503,13.826,13.942,1
Positive_30,1.883,0.834,0.457,0.484,0.403,0.914,0.457,1.399,0.188,0.646,1.183,0.753,0.242,0.619,0.699,0.834,0.699,0.188,0.323,1.183,13.404,15.39,14.404,13.246,14.461,14.706,1
Positive_31,0.527,1.251,0.461,0.527,1.185,1.054,0.856,0.922,0.724,0.527,1.054,1.383,0.527,0.395,0.988,0.988,0.395,0.329,0.461,0.724,15.123,12.793,13.328,14.084,14.977,14.42,1
Positive_32,2.013,0.393,0.344,0.442,0.295,0.982,0.589,1.522,0.393,0.884,1.669,1.129,0.393,0.491,0.884,1.031,0.736,0.245,0.196,1.473,14.14,15.017,14.027,13.415,13.729,13.568,1
Positive_33,1.357,0.905,0.641,0.452,0.528,0.452,0.566,0.867,0.226,0.829,1.169,0.679,0.603,0.905,0.867,1.433,1.018,0.566,0.377,1.319,14.214,14.198,13.315,13.678,15.143,13.694,1
Positive_34,1.24,0.763,0.254,0.413,0.318,1.176,0.763,1.462,0.286,1.017,1.875,0.477,0.667,1.271,1.589,1.208,0.636,0.191,0.445,1.081,13.704,13.961,14.313,12.66,13.739,14.493,1
Positive_35,1.131,0.609,0.696,0.406,0.406,0.725,0.493,1.305,0.377,0.696,1.711,0.696,0.667,0.928,1.102,1.305,0.783,0.319,0.464,1.189,13.943,14.143,13.823,15.063,13.631,13.39,1
Positive_36,0.742,0.905,0.905,0.557,0.487,0.858,0.673,1.044,0.348,0.441,1.438,0.533,0.441,0.812,1.136,1.577,0.788,0.301,0.719,0.812,13.87,14.049,13.172,13.738,15.042,14.615,1
Positive_37,1.737,1.051,0.228,0.777,0.274,1.051,0.366,1.508,0.32,0.183,1.92,0.411,0.32,0.594,0.914,0.823,0.731,0.046,0.274,1.462,14.548,14.63,14.338,13.236,14.121,14.136,1
Positive_38,0.745,0.82,0.522,0.708,0.671,1.118,0.633,0.969,0.522,0.932,1.714,1.118,0.484,0.522,1.491,1.491,1.341,0.037,0.41,0.708,14.073,14.615,12.928,13.615,13.861,13.954,1
Positive_39,0.69,0.784,0.746,0.672,0.896,1.045,0.578,1.157,0.448,0.411,0.896,0.914,0.205,0.392,1.288,1.045,1.138,0.355,0.56,0.896,13.853,13.362,13.891,14.941,13.83,15.009,1
Positive_40,0.858,0.858,0.621,0.799,0.71,1.301,0.562,1.183,0.266,0.532,1.153,0.976,0.237,0.621,0.562,0.858,1.065,0.178,0.414,0.68,14.318,14.426,13.466,14.498,14.426,14.433,1
Positive_41,1.345,0.391,0.477,0.738,0.694,0.868,0.304,1.562,0.347,1.128,1.259,1.389,0.477,0.651,0.868,0.998,0.955,0.087,0.174,1.562,14.314,14.265,13.72,14.061,13.703,13.663,1
Positive_42,2.222,0.741,0.58,0.547,0.258,0.869,0.322,1.707,0.161,0.966,2.64,0.419,0.354,0.708,0.869,1.127,0.773,0.161,0.29,1.707,13.265,13.927,13.37,13.326,14.38,14.311,1
Positive_43,1.95,0.65,0.867,0.488,0.758,0.379,0.596,1.029,0.271,1.029,2.438,0.542,0.433,1.029,0.704,0.921,1.083,0.271,0.65,1.896,13.713,13.146,13.947,12.769,13.929,14.513,1
Positive_44,1.523,1.066,0.457,1.142,0.381,0.761,0.152,1.523,0.381,0.609,1.446,0.457,0.305,0.228,0.228,1.37,0.914,0.076,0.152,0.837,14.245,13.544,13.656,13.951,15.722,14.875,1
Positive_45,1.665,1.048,0.37,0.74,0.123,0.617,0.37,1.357,0.555,0.432,1.357,0.247,0.432,0.74,1.172,0.925,0.74,0.37,0.493,0.987,14.31,15.754,13.971,12.505,14.045,14.678,1
Positive_46,1.283,0.865,0.686,0.478,0.507,0.776,0.507,0.597,0.239,0.836,1.552,1.134,0.328,0.507,0.895,1.224,1.283,0.388,0.656,1.134,13.367,14.169,14.232,13.669,13.859,14.828,1
Positive_47,0.857,0.772,0.772,0.857,0.486,0.772,0.657,0.972,0.486,0.629,1.572,0.486,0.429,0.886,0.943,1.458,0.543,0.4,0.657,0.486,13.011,14.576,14.463,14.047,14.395,14.387,1
Positive_48,1.015,1.054,0.741,0.819,0.273,0.429,0.78,1.288,0.351,0.663,1.639,0.429,0.39,0.585,1.327,1.21,0.585,0.117,0.663,1.171,14.002,14.064,13.769,14.336,14.196,14.103,1
Positive_49,1.161,1.066,0.335,0.599,0.347,0.934,0.85,1.114,0.299,0.455,1.533,0.443,0.204,0.563,1.281,0.97,0.766,0.251,0.359,0.874,14.498,14.037,13.871,14.195,14.375,14.62,1
Positive_50,0.663,0.784,0.694,0.875,0.633,0.784,0.694,1.055,0.362,0.814,1.598,0.875,0.422,0.513,0.694,1.086,0.905,0.271,0.422,1.206,14.03,14.836,14.161,13.677,13.47,14.475,1
Positive_51,1.304,1.026,0.485,0.555,0.471,0.832,0.527,1.248,0.361,0.707,2.094,0.61,0.374,0.693,0.693,0.874,0.804,0.111,0.471,1.276,14.246,13.85,13.928,13.749,14.277,14.432,1
Positive_52,1.021,0.66,0.72,0.78,1.081,0.72,0.66,0.9,0.72,0.18,1.621,0.9,0.54,0.42,0.72,1.081,0.78,0.84,0.36,0.6,13.723,14.786,14.396,13.508,14.013,14.266,1
Positive_53,0.497,0.923,0.71,0.852,0.426,0.923,0.71,1.632,0.213,0.852,1.207,0.781,0.355,0.142,0.852,0.923,0.639,0.284,0.781,0.994,12.935,13.582,14.265,14.992,14.816,14.72,1
Positive_54,0.934,1.556,0.519,0.311,0.415,0.415,0.415,1.141,0.311,0.311,0.83,1.348,0.104,0.104,0.726,0.622,0.83,0.0,0.415,1.556,15.717,14.945,14.27,16.103,13.01,13.093,1
Positive_55,0.731,0.594,0.411,0.868,0.137,0.868,0.229,1.645,0.366,1.051,1.508,1.097,0.183,0.411,1.051,0.914,1.005,0.091,0.411,1.142,14.31,14.214,13.839,13.839,14.435,14.648,1
Positive_56,1.067,0.747,0.107,0.427,0.107,0.96,0.32,1.6,0.427,0.427,1.6,0.107,0.32,0.853,0.533,1.067,1.6,0.427,0.747,0.853,14.923,14.087,14.444,13.836,13.894,14.523,1
Positive_57,1.97,1.216,0.252,0.419,0.461,0.461,0.377,1.006,0.377,0.503,2.054,0.168,0.419,0.587,1.09,1.467,0.713,0.461,0.294,1.258,13.571,14.396,13.634,14.108,14.637,14.1,1
Positive_58,1.27,1.226,0.438,0.35,0.613,0.569,0.35,0.92,0.307,0.482,2.584,0.35,0.569,1.095,0.788,1.445,0.613,0.175,0.526,1.051,14.253,15.055,13.255,13.121,13.797,14.796,1
Positive_59,0.916,0.987,0.574,0.395,0.359,0.467,0.628,0.951,0.808,0.503,1.831,0.574,0.18,0.718,1.185,1.472,0.7,0.287,0.521,0.88,13.838,14.749,14.689,13.263,14.368,14.159,1
Positive_60,0.941,0.906,0.593,0.453,0.558,0.767,0.697,0.837,0.488,0.906,2.196,0.383,0.383,0.906,0.627,1.22,0.558,0.418,0.418,1.08,14.162,14.729,13.595,14.024,13.733,14.423,1
Positive_61,0.858,0.986,0.413,0.668,0.827,0.954,0.731,1.431,0.477,0.54,1.494,0.604,0.191,0.445,0.763,0.986,0.763,0.286,0.382,1.017,13.453,14.697,13.979,14.646,14.26,14.149,1
Positive_62,1.883,0.665,0.498,1.052,0.222,0.803,0.526,1.523,0.581,1.218,1.135,0.471,0.443,0.388,0.775,0.637,1.135,0.194,0.249,1.301,14.458,14.239,14.176,13.705,13.862,13.862,1
Positive_63,2.074,1.134,0.259,0.81,0.421,0.745,0.389,1.49,0.389,0.13,1.847,0.13,0.13,0.616,1.037,0.972,0.389,0.259,0.097,1.361,14.024,13.715,14.405,14.442,14.178,14.559,1
Positive_64,2.161,1.506,0.393,0.327,0.393,0.491,0.36,1.539,0.098,0.524,1.309,0.262,0.164,0.884,0.851,1.277,0.491,0.262,0.491,1.342,12.44,14.118,14.292,14.171,14.61,15.245,1
Positive_65,0.953,0.344,0.609,0.873,0.45,1.27,0.688,0.953,0.503,0.635,1.482,1.138,0.318,0.582,1.482,1.297,1.111,0.371,0.556,0.847,13.744,13.25,13.522,14.18,14.081,14.764,1
Positive_66,0.895,0.733,0.325,0.651,0.387,1.058,0.488,1.261,0.448,0.733,1.078,0.733,0.305,0.61,0.895,0.814,0.895,0.346,0.549,1.058,13.813,14.99,14.177,13.877,14.498,14.384,1
Positive_67,1.058,0.82,0.619,0.562,0.372,0.972,0.6,1.563,0.381,0.629,1.563,0.648,0.391,0.496,1.201,1.334,0.705,0.314,0.353,0.858,14.166,13.918,13.78,14.173,14.335,14.189,1
Positive_68,2.367,1.076,0.215,0.584,0.338,0.768,0.154,1.875,0.062,0.338,2.244,0.154,0.369,0.768,1.107,0.861,0.461,0.123,0.369,1.26,14.082,13.137,14.717,13.447,14.516,14.609,1
Positive_69,0.709,0.645,1.032,0.613,0.774,1.387,0.451,1.161,0.322,0.806,0.903,0.903,0.194,0.677,0.484,0.871,1.0,0.226,0.516,1.193,14.65,14.687,13.297,14.278,14.68,13.542,1
Positive_70,1.385,1.385,0.346,0.476,0.563,0.476,0.519,0.909,0.217,0.779,2.251,0.13,0.476,0.736,0.649,1.645,0.866,0.217,0.519,0.952,13.623,13.692,12.832,14.7,14.413,15.242,1
Positive_71,0.757,0.883,0.41,0.946,0.757,1.072,0.473,1.104,0.568,0.568,1.545,0.757,0.252,0.473,0.631,1.135,0.568,0.473,0.252,0.915,14.072,14.624,13.796,14.283,14.37,14.319,1
Positive_72,1.601,0.686,0.392,0.359,0.49,0.457,0.653,1.47,0.294,0.784,2.352,0.327,0.523,1.143,0.947,1.339,0.784,0.425,0.392,1.078,12.983,14.17,14.632,13.461,14.071,14.187,1
Positive_73,2.515,1.352,0.413,0.826,1.014,0.225,0.451,1.577,0.075,0.3,2.065,0.15,0.225,0.488,2.59,0.826,0.563,0.225,0.263,1.389,13.14,14.288,14.113,13.157,14.306,13.464,1
Positive_74,1.567,1.343,0.951,0.448,0.616,0.28,0.672,1.511,0.392,0.672,1.679,0.0,0.224,0.56,0.84,0.84,0.504,0.168,0.112,1.567,13.636,14.562,14.301,13.681,14.644,14.233,1
Positive_75,0.939,0.724,0.782,0.606,0.528,0.724,0.743,0.724,0.352,0.978,1.917,0.43,0.469,0.939,0.9,1.271,0.978,0.293,0.724,1.388,13.512,14.045,13.66,13.414,14.694,14.267,1
Positive_76,1.303,0.462,0.504,0.714,0.63,0.798,0.252,1.597,0.294,0.924,1.218,1.344,0.336,0.672,0.84,0.882,1.008,0.084,0.252,1.639,14.7,14.416,13.755,13.928,13.873,13.573,1
Positive_77,0.993,0.914,0.874,0.358,0.556,0.635,0.516,0.834,0.119,1.072,2.105,0.755,0.635,0.953,1.033,1.748,1.112,0.238,0.516,1.033,13.643,13.618,13.337,14.791,13.414,14.196,1
Positive_78,1.755,0.948,0.913,0.281,0.386,0.562,0.527,0.632,0.176,0.983,1.51,0.878,0.456,0.737,1.229,1.159,1.369,0.316,0.527,1.475,13.169,14.64,13.866,13.816,13.597,14.094,1
Positive_79,1.613,1.185,0.329,0.658,0.461,0.593,0.428,0.889,0.461,0.428,2.271,0.165,0.362,0.527,1.053,0.889,0.757,0.296,0.362,1.086,14.406,13.621,14.866,13.74,14.969,13.584,1
Positive_80,1.011,0.872,0.628,0.732,0.453,0.976,0.488,1.116,0.523,0.697,1.674,0.907,0.593,0.593,1.22,1.569,0.837,0.07,0.314,0.837,14.048,14.515,14.281,13.226,13.862,13.959,1
Positive_81,1.37,1.019,0.351,0.386,0.316,0.597,0.703,1.124,0.492,0.527,2.565,0.703,0.527,0.457,0.527,0.738,0.773,0.386,0.281,1.159,13.607,14.448,13.69,14.207,14.65,14.395,1
Positive_82,1.326,1.004,0.143,0.681,0.358,0.538,0.788,1.398,0.287,0.323,1.649,0.287,0.036,0.287,1.756,1.434,0.824,0.466,0.358,1.183,14.354,14.066,13.945,13.779,14.596,14.134,1
Positive_83,2.1,1.028,0.447,0.626,0.626,0.358,0.179,0.894,0.134,0.983,1.788,0.536,0.536,0.804,1.117,1.207,0.894,0.268,0.536,1.564,13.766,13.35,13.4,13.608,14.231,15.021,1
Positive_84,1.269,0.992,0.392,0.669,0.185,0.785,0.554,1.338,0.346,0.208,1.592,0.231,0.208,0.669,1.177,0.831,0.6,0.392,0.485,1.246,14.063,14.346,13.773,14.46,14.261,14.927,1
Positive_85,0.944,1.017,0.436,0.726,0.339,0.629,0.775,0.968,0.484,0.532,1.331,0.726,0.387,0.629,1.041,1.283,0.823,0.145,0.387,1.065,14.148,14.368,13.906,14.655,14.068,14.185,1
Positive_86,1.4,0.901,0.555,0.846,0.374,1.081,0.582,0.984,0.43,0.693,1.663,0.651,0.305,0.457,1.067,1.566,0.832,0.208,0.347,0.873,13.412,14.369,13.808,13.713,14.52,14.361,1
Positive_87,1.254,0.816,0.559,0.771,0.302,0.892,0.937,1.39,0.348,0.438,1.98,0.363,0.196,0.529,1.149,1.133,0.559,0.302,0.423,1.36,14.304,13.103,14.217,13.534,14.971,14.17,1
Positive_88,1.36,1.333,0.245,0.354,0.245,0.952,0.544,1.006,0.435,0.272,1.795,0.272,0.19,0.571,1.115,0.843,0.734,0.245,0.299,1.006,14.237,15.08,14.217,13.256,14.59,14.804,1
Positive_89,1.933,0.322,0.838,0.29,0.354,0.676,0.741,1.16,0.322,1.385,2.899,0.58,0.612,1.16,1.289,1.385,1.127,0.483,0.29,1.224,13.635,13.148,13.215,13.682,13.511,13.74,1
Positive_90,1.39,0.407,0.339,0.746,0.61,1.017,0.508,1.288,0.474,0.78,1.525,0.847,0.407,0.746,0.712,1.186,0.644,0.203,0.407,1.356,13.916,14.735,14.259,13.487,14.329,13.682,1
Positive_91,1.087,0.487,1.05,0.75,0.563,0.675,0.675,0.675,0.225,1.275,2.137,1.012,0.563,0.937,0.525,1.987,1.012,0.262,0.525,1.237,12.796,14.076,14.129,13.034,13.9,14.403,1
Positive_92,1.3,0.958,0.73,0.639,0.046,0.889,0.342,0.958,0.114,0.958,1.118,1.209,0.319,0.274,0.502,0.958,0.798,0.023,0.525,1.254,13.976,15.332,14.031,14.219,14.136,14.393,1
Positive_93,1.1,0.836,0.374,0.748,0.418,0.792,0.594,0.836,0.396,0.682,1.474,0.814,0.44,0.726,0.88,1.254,0.682,0.264,0.308,0.946,14.188,14.865,14.159,13.787,14.348,14.086,1
Positive_94,0.904,0.842,0.465,0.653,0.339,0.955,0.779,0.854,0.502,0.515,1.469,0.842,0.364,0.641,0.917,0.98,0.741,0.264,0.465,0.992,14.481,14.141,14.293,13.873,14.17,14.561,1
Positive_95,0.962,0.717,0.815,0.864,0.114,0.962,0.473,0.782,0.31,0.896,1.369,1.059,0.375,0.652,0.522,0.57,0.652,0.196,0.57,0.945,14.474,15.309,14.101,13.825,14.377,14.108,1
Positive_96,1.686,0.632,0.632,0.474,0.474,0.579,0.421,0.632,0.263,1.633,2.16,0.79,0.474,1.001,1.159,0.948,0.527,0.369,0.632,1.686,14.125,13.756,13.721,13.773,13.807,13.644,1
Positive_97,1.313,0.867,0.542,0.569,0.19,1.219,0.447,1.191,0.325,0.447,1.3,1.11,0.244,0.393,1.219,1.625,0.88,0.176,0.406,0.839,13.555,14.824,14.174,14.044,14.006,14.098,1
Positive_98,0.723,0.422,1.205,0.482,0.301,1.084,0.663,0.723,0.301,0.663,1.627,1.024,0.181,0.904,0.964,0.964,0.843,0.482,0.663,1.265,13.695,13.827,13.44,14.988,14.516,14.051,1
Positive_99,0.691,0.772,0.487,0.772,0.366,1.199,0.63,0.813,0.487,0.691,1.463,1.219,0.427,0.772,0.548,0.792,0.548,0.142,0.467,0.691,14.499,14.94,14.381,14.276,14.248,13.682,1
Positive_100,1.068,1.305,0.475,0.475,0.059,1.009,0.534,0.89,0.178,0.475,1.246,1.187,0.237,0.237,0.356,0.653,0.356,0.059,0.475,0.949,15.272,14.288,15.058,13.268,14.496,15.394,1
Positive_101,0.72,0.585,0.45,1.125,0.315,0.81,0.495,0.9,0.405,0.855,1.215,1.26,0.36,0.9,0.99,0.72,0.72,0.18,0.495,0.675,14.337,14.578,13.622,13.948,14.111,15.23,1
Positive_102,1.075,0.969,0.458,0.745,0.394,1.086,0.585,0.926,0.404,0.543,1.49,0.596,0.266,0.468,0.777,1.245,0.681,0.298,0.447,1.054,14.13,14.5,14.13,14.624,14.152,13.956,1
Positive_103,1.122,0.759,0.792,0.726,0.33,1.221,0.693,1.122,0.429,0.825,1.188,0.495,0.561,0.726,0.561,1.023,0.726,0.132,0.429,1.023,14.438,14.795,13.604,13.679,14.304,14.296,1
Positive_104,0.776,0.754,0.643,0.743,0.366,0.931,0.432,0.798,0.333,0.954,1.364,1.12,0.355,0.543,0.676,1.419,1.076,0.177,0.554,0.821,13.805,14.287,14.739,14.435,14.049,13.849,1
Positive_105,1.082,0.656,0.459,0.262,0.229,0.689,0.328,1.246,0.197,1.639,2.033,0.689,0.459,1.115,0.885,1.147,1.016,0.229,0.59,1.475,13.879,14.363,13.788,14.043,14.174,13.328,1
Positive_106,1.575,0.923,0.489,0.652,0.272,0.869,0.272,1.358,0.217,0.76,1.358,0.815,0.489,0.38,0.598,1.249,0.978,0.163,0.109,1.575,13.054,14.186,14.209,14.02,14.926,14.504,1
Positive_107,0.59,0.544,0.998,0.363,0.227,0.408,0.726,0.998,0.181,1.315,1.905,0.544,0.227,1.497,0.771,1.315,0.998,0.454,0.68,1.905,14.191,13.1,14.232,13.458,14.032,14.34,1
Positive_108,0.779,0.916,0.641,0.664,0.32,0.664,0.756,0.801,0.527,0.733,1.236,0.87,0.458,0.664,0.824,1.511,0.939,0.206,0.343,0.985,14.467,14.178,13.851,14.326,13.948,14.393,1
Positive_109,0.693,0.53,1.101,0.653,0.449,0.775,0.653,0.775,0.53,1.265,1.754,1.142,0.367,0.612,0.653,0.938,1.061,0.286,0.367,0.612,13.922,13.549,14.698,13.579,14.477,14.561,1
Positive_110,0.678,0.643,0.776,0.929,0.14,0.999,0.72,0.811,0.482,0.86,1.412,0.887,0.377,0.545,1.055,1.726,0.992,0.307,0.573,0.629,14.167,13.973,13.949,13.895,13.615,14.859,1
Positive_111,0.848,0.848,0.613,0.848,0.188,0.989,0.848,0.895,0.424,0.66,1.508,0.66,0.565,0.33,0.707,0.895,0.613,0.141,0.471,1.649,14.171,13.921,13.627,15.083,14.458,14.039,1
Positive_112,1.099,0.709,0.638,0.496,0.709,0.603,0.426,0.745,0.177,1.206,2.021,1.028,0.355,0.745,0.993,1.17,0.709,0.355,0.496,0.993,14.163,14.202,14.123,14.202,14.029,13.606,1
Positive_113,1.526,1.049,0.334,0.596,0.167,0.906,0.549,1.192,0.238,0.978,1.145,0.477,0.286,0.405,0.668,0.93,0.572,0.095,0.215,1.359,14.463,14.853,13.669,14.394,14.771,14.162,1
Positive_114,1.033,0.854,0.661,0.551,0.331,1.074,0.413,1.308,0.331,0.881,1.611,0.647,0.565,0.661,0.785,1.171,0.923,0.275,0.427,1.184,13.655,14.298,13.992,14.055,13.914,14.4,1
Positive_115,0.897,0.663,0.741,0.468,0.195,0.975,0.468,0.897,0.312,0.897,1.639,1.014,0.156,0.624,0.702,1.131,0.78,0.312,0.663,1.014,14.335,15.069,14.466,13.272,13.905,14.4,1
Positive_116,1.828,0.418,0.575,0.627,0.157,1.045,0.731,1.88,0.104,0.888,1.724,1.097,0.209,0.522,0.679,0.888,0.94,0.0,0.209,1.776,14.072,14.422,13.966,14.063,13.501,13.68,1
Positive_117,0.918,0.679,0.759,0.519,0.2,1.038,0.479,0.878,0.28,0.759,1.757,0.958,0.12,0.559,0.759,1.158,0.839,0.32,0.719,1.158,14.424,14.832,14.335,12.842,14.141,14.572,1
Positive_118,0.943,0.681,0.524,1.048,0.131,1.074,0.55,0.864,0.314,0.76,1.414,1.152,0.262,0.524,0.576,0.76,0.812,0.288,0.576,0.733,14.076,14.887,13.782,14.726,14.272,14.272,1
Positive_119,1.169,0.688,0.585,0.825,0.447,0.516,0.481,0.722,0.447,1.307,1.823,0.825,0.55,0.963,0.55,1.376,0.997,0.172,0.481,1.307,14.22,14.358,13.246,13.384,14.122,14.439,1
Positive_120,1.058,0.598,0.828,0.552,0.46,0.322,0.276,0.552,0.276,1.887,2.117,1.058,0.414,1.288,0.782,1.15,0.92,0.23,0.782,0.966,13.381,13.736,12.869,13.463,14.975,15.057,1
Positive_121,0.865,0.838,0.486,0.919,0.243,1.297,0.568,0.784,0.27,0.757,1.27,1.216,0.351,0.594,0.568,0.784,0.568,0.135,0.405,0.973,14.404,14.834,14.341,14.82,13.431,14.279,1
Positive_122,0.872,0.812,0.581,0.732,0.241,1.002,0.692,1.062,0.391,0.681,1.273,0.902,0.301,0.591,0.892,0.972,0.762,0.21,0.421,0.982,14.515,14.4,13.839,13.904,14.392,14.579,1
Positive_123,1.898,0.596,0.707,0.558,0.186,0.893,0.484,1.452,0.186,0.968,1.377,1.117,0.633,0.261,0.707,1.042,0.782,0.074,0.409,1.563,14.067,14.925,13.931,13.995,13.407,13.78,1
Positive_124,1.02,0.625,0.625,0.888,0.625,1.118,0.526,0.921,0.428,0.954,1.546,1.085,0.493,0.724,0.658,1.217,0.592,0.0,0.46,0.888,14.894,14.632,13.316,13.501,13.739,14.524,1
Positive_125,1.53,0.853,0.527,0.727,0.226,0.803,0.527,1.43,0.276,0.953,1.154,0.702,0.301,0.577,0.677,0.727,0.502,0.1,0.552,0.978,14.015,15.195,14.531,14.496,13.924,13.719,1
Positive_126,0.886,0.403,0.778,1.074,0.429,1.342,0.886,0.832,0.456,1.02,1.503,0.966,0.349,0.617,1.208,1.557,1.047,0.322,0.483,0.966,14.565,13.434,13.58,14.308,13.426,13.563,1
Positive_127,0.633,0.759,0.506,1.329,0.253,0.569,0.19,1.012,0.316,0.949,1.329,1.012,0.443,0.569,0.569,0.696,0.696,0.0,0.696,1.266,14.271,15.864,13.36,13.105,15.154,14.45,1
Positive_128,1.159,0.905,0.283,0.763,0.339,0.99,0.763,1.074,0.311,0.396,1.725,0.679,0.339,0.566,0.566,0.876,0.452,0.226,0.339,1.187,14.086,15.138,13.521,13.688,15.305,14.323,1
Positive_129,0.828,0.791,0.602,1.167,0.188,0.979,0.489,1.205,0.489,0.527,1.581,0.791,0.414,0.64,0.753,0.828,0.64,0.151,0.339,0.941,14.832,14.753,14.28,13.67,15.162,12.96,1
Positive_130,1.173,0.782,0.469,1.016,0.078,1.251,0.547,0.938,0.547,0.234,2.111,0.938,0.391,0.625,0.313,0.625,0.547,0.078,0.547,0.469,13.988,15.691,14.015,13.331,14.398,14.897,1
Positive_131,0.839,0.876,0.597,0.802,0.187,0.876,0.559,0.97,0.503,0.578,1.566,0.671,0.242,0.727,0.615,0.634,0.634,0.242,0.597,0.839,14.219,14.361,14.043,13.995,14.693,15.134,1
Positive_132,1.418,0.814,0.447,0.762,0.263,0.972,0.394,1.077,0.315,1.025,0.998,0.972,0.42,0.447,0.63,0.736,0.762,0.079,0.236,1.182,14.758,14.674,13.447,14.43,14.842,13.9,1
Positive_133,1.037,1.223,0.394,0.622,0.207,1.182,0.601,0.622,0.27,0.435,1.078,1.078,0.228,0.518,0.498,0.56,0.56,0.207,0.353,0.788,14.936,14.474,14.543,13.814,14.686,15.085,1
Positive_134,1.511,0.716,0.517,0.596,0.239,0.994,0.477,1.193,0.278,1.034,0.875,0.755,0.557,0.596,0.875,0.716,0.517,0.199,0.318,1.312,13.682,15.06,13.982,13.632,14.217,15.152,1
Positive_135,0.922,0.841,0.624,0.488,0.244,0.759,0.298,0.57,0.325,0.787,1.654,0.732,0.38,1.573,0.705,1.031,0.624,0.407,0.787,1.166,14.171,14.79,14.379,13.581,13.41,14.752,1
Positive_136,1.137,0.987,0.15,0.628,0.359,1.077,0.688,1.166,0.389,0.209,1.346,0.479,0.479,0.658,0.748,0.389,0.359,0.389,0.419,0.718,14.253,15.524,13.167,13.876,16.252,14.157,1
Positive_137,0.533,0.775,0.92,0.581,0.484,0.387,0.484,0.581,0.097,1.501,1.889,1.114,0.387,1.55,0.727,1.162,1.356,0.194,0.581,1.259,13.31,13.865,13.865,13.657,14.585,14.154,1
Positive_138,0.763,0.805,0.509,0.89,0.127,1.144,0.551,0.932,0.382,0.975,1.102,1.526,0.297,0.593,0.593,0.89,0.805,0.042,0.509,0.763,14.028,15.512,13.773,13.226,14.589,14.674,1
Positive_139,1.081,0.81,0.54,1.056,0.147,0.909,0.467,1.056,0.589,0.614,1.424,0.909,0.344,0.638,0.589,0.638,0.688,0.123,0.565,0.835,14.141,14.969,13.875,13.714,14.576,14.702,1
Positive_140,1.202,0.902,0.075,0.676,0.225,0.977,0.526,1.277,0.15,0.526,2.179,0.601,0.15,0.601,0.827,0.827,0.451,0.075,0.301,0.977,14.939,13.586,14.858,14.1,15.29,13.701,1
Positive_141,0.936,0.744,0.785,0.95,0.179,0.868,0.702,0.978,0.565,0.744,1.047,0.441,0.303,0.716,0.688,0.744,0.812,0.344,0.675,0.964,14.949,14.049,14.439,13.964,14.41,14.006,1
Positive_142,1.651,0.492,0.597,0.632,0.351,0.632,0.527,1.405,0.246,1.721,2.072,0.562,0.913,0.948,0.983,1.475,0.878,0.176,0.597,1.194,13.106,12.998,13.774,13.801,13.945,14.324,1
Positive_143,1.628,1.293,0.191,1.197,0.048,0.575,0.287,0.958,0.383,0.575,1.628,0.287,0.239,0.575,0.862,1.101,0.527,0.0,0.191,1.005,14.363,14.783,14.377,14.024,14.77,14.133,1
Positive_144,0.715,0.715,0.618,0.878,0.325,1.138,0.455,0.683,0.52,0.715,1.495,1.235,0.195,0.943,0.683,1.073,0.683,0.065,0.488,0.813,13.978,14.866,14.022,13.74,15.018,13.942,1
Positive_145,1.824,0.777,0.338,0.811,0.101,0.912,0.372,1.149,0.406,0.709,1.487,0.541,0.237,0.372,0.676,0.98,0.777,0.27,0.304,1.216,14.322,14.451,14.65,14.493,13.438,14.387,1
Positive_146,0.995,0.736,0.736,0.779,0.346,0.995,0.519,0.649,0.346,0.649,1.558,1.125,0.173,0.563,0.822,0.779,0.346,0.13,0.606,1.125,13.545,14.363,14.118,14.775,14.09,15.131,1
Positive_147,1.529,0.695,0.584,0.778,0.25,0.751,0.723,1.334,0.167,0.695,1.029,0.806,0.278,0.695,0.695,0.639,0.778,0.195,0.473,1.279,14.272,15.271,13.863,13.108,14.862,14.251,1
Positive_148,1.038,0.669,0.9,0.461,0.577,0.761,0.461,0.715,0.254,1.13,2.192,0.9,0.369,1.015,0.761,1.269,1.2,0.115,0.6,0.738,14.498,14.272,13.538,14.111,13.748,13.707,1
Positive_149,1.621,0.615,0.28,0.419,0.28,0.754,0.475,1.425,0.223,1.034,2.627,0.391,0.475,0.894,0.81,1.369,1.062,0.335,0.643,1.565,14.46,14.045,13.05,13.318,13.829,14.002,1
Positive_150,0.927,0.859,0.455,0.725,0.135,1.028,0.472,1.382,0.135,0.64,1.365,1.045,0.236,0.657,0.674,0.556,0.725,0.185,0.32,0.91,13.678,15.007,14.289,13.96,14.591,15.047,1
Positive_151,1.219,0.72,0.679,0.596,0.263,0.956,0.429,1.108,0.374,0.997,1.745,0.762,0.623,0.748,0.637,1.26,0.956,0.249,0.443,1.163,13.985,14.352,13.707,14.073,13.882,14.073,1
Positive_152,1.27,0.391,1.099,0.757,0.0,0.977,0.757,1.294,0.171,0.977,1.489,0.952,0.366,0.513,0.586,1.709,1.27,0.073,0.83,1.123,13.904,14.701,13.663,13.082,13.265,14.784,1
Positive_153,1.002,0.735,0.702,0.869,0.267,1.203,0.702,1.169,0.334,0.601,1.069,0.501,0.568,0.768,0.668,0.869,1.036,0.134,0.535,1.103,14.212,15.065,13.507,13.351,14.464,14.568,1
Positive_154,0.803,0.648,0.772,0.648,0.509,1.188,0.648,0.833,0.324,0.803,1.343,0.818,0.37,0.895,0.664,1.389,0.787,0.232,0.633,1.019,14.268,13.862,14.506,13.801,14.092,14.146,1
Positive_155,1.402,1.028,0.311,0.685,0.218,0.903,0.561,1.028,0.374,0.935,1.153,0.685,0.436,0.218,0.841,1.028,0.716,0.125,0.467,1.121,14.727,13.987,14.35,13.951,13.958,14.791,1
Positive_156,1.485,0.495,0.247,0.99,0.0,1.979,0.99,0.247,0.247,0.99,1.237,0.495,0.742,0.495,0.495,0.247,0.495,0.247,0.742,0.99,16.51,15.838,11.154,16.177,14.618,11.847,1
Positive_157,0.911,0.671,0.383,0.623,0.431,1.006,0.671,1.054,0.479,0.767,2.013,0.671,0.192,1.39,0.383,1.294,0.719,0.24,0.623,1.581,13.631,14.018,13.897,13.833,14.058,14.461,1
Positive_158,0.706,0.513,0.641,1.026,0.385,0.962,0.577,1.155,0.449,1.026,1.924,0.77,0.385,0.641,0.77,0.641,1.411,0.257,0.449,0.898,14.301,13.732,13.803,12.883,14.543,15.151,1
Positive_159,1.115,1.486,0.248,0.991,0.0,0.743,0.743,0.495,0.372,1.115,1.238,0.619,0.248,0.248,0.619,0.248,0.991,0.0,0.124,1.115,16.245,12.137,14.733,12.82,17.125,14.185,1
Positive_160,0.624,0.865,0.288,0.913,0.192,0.721,0.528,1.009,0.528,1.057,1.585,0.769,0.528,0.721,1.297,0.721,0.672,0.144,0.48,0.817,14.148,13.816,14.192,13.404,15.695,14.286,1
Positive_161,1.032,0.862,0.608,0.806,0.297,0.919,0.678,0.82,0.523,0.707,1.329,0.707,0.353,0.707,0.848,0.862,0.749,0.198,0.438,1.018,14.176,14.755,14.061,14.371,13.88,14.299,1
Positive_162,0.723,0.836,0.746,0.904,0.316,1.152,0.429,0.813,0.384,0.904,1.265,0.904,0.407,0.61,0.701,1.017,0.723,0.158,0.542,0.859,14.055,14.25,13.724,14.048,14.646,14.883,1
Positive_163,0.872,1.308,0.405,0.81,0.218,0.903,0.311,1.09,0.343,0.592,1.432,0.529,0.28,0.436,0.716,0.685,0.716,0.187,0.343,0.81,14.563,15.271,13.505,14.433,15.238,14.005,1
Positive_164,0.721,1.339,0.206,0.721,0.103,0.927,0.103,0.721,0.309,0.824,1.545,0.618,0.309,0.927,1.133,0.206,0.412,0.0,0.927,0.206,12.226,15.553,14.898,15.468,14.499,15.1,1
Positive_165,1.37,0.622,0.405,0.467,0.342,0.809,0.436,1.245,0.311,1.338,1.743,0.716,0.498,1.245,0.685,1.307,0.84,0.156,0.405,1.338,13.804,13.487,15.033,12.917,14.138,14.342,1
Positive_166,1.26,0.94,0.427,0.726,0.384,0.854,0.512,1.473,0.47,0.598,1.217,0.619,0.32,0.47,0.555,0.833,0.854,0.128,0.534,1.004,14.923,14.497,14.285,14.306,13.313,14.497,1
Positive_167,1.142,0.791,0.571,0.835,0.198,0.703,0.659,0.857,0.395,0.527,1.516,0.835,0.308,0.857,0.835,1.186,0.813,0.154,0.461,0.813,13.911,15.494,14.034,13.261,14.352,14.496,1
Positive_168,1.32,0.872,0.523,0.747,0.149,0.922,0.299,1.32,0.374,0.946,0.996,0.822,0.349,0.573,0.647,0.922,0.647,0.125,0.523,0.822,14.398,14.558,14.558,13.286,14.975,14.328,1
Positive_169,1.058,0.711,0.815,0.85,0.434,1.232,0.989,0.59,0.451,0.954,1.492,1.006,0.382,0.729,0.503,0.972,0.746,0.156,0.312,0.798,13.275,14.307,13.154,14.186,14.854,15.044,1
Positive_170,1.517,0.88,0.516,0.637,0.091,1.153,0.91,0.941,0.243,0.667,1.79,0.667,0.273,0.516,0.637,0.971,0.516,0.091,0.364,1.001,13.633,15.539,14.309,13.914,14.022,14.201,1
Positive_171,1.169,1.119,0.383,0.857,0.121,1.109,0.524,1.059,0.242,0.736,1.21,0.655,0.302,0.363,0.635,0.544,0.655,0.101,0.383,1.099,14.68,15.144,14.017,14.036,14.255,14.6,1
Positive_172,0.848,0.565,0.707,0.895,0.424,1.084,0.424,0.848,0.66,1.272,1.319,1.084,0.33,0.66,0.895,0.471,0.848,0.094,0.613,0.707,14.181,15.081,13.075,13.525,15.103,14.285,1
Positive_173,1.068,0.573,0.612,0.747,0.272,1.281,0.631,0.844,0.301,0.767,1.155,1.436,0.281,0.485,0.786,0.864,0.806,0.262,0.466,1.039,14.367,14.353,14.36,14.03,14.544,13.67,1
Positive_174,1.222,0.419,0.559,0.489,0.314,0.629,0.419,1.292,0.314,1.292,2.131,0.803,0.384,1.292,0.629,1.537,1.257,0.384,0.664,0.978,13.37,14.407,14.662,13.336,13.82,13.395,1
Positive_175,1.063,0.813,0.602,0.735,0.328,1.055,0.555,0.915,0.211,0.954,1.774,0.649,0.539,0.969,0.829,1.235,0.922,0.258,0.422,0.93,14.229,14.868,12.811,13.867,14.434,14.032,1
Positive_176,0.932,0.712,0.613,0.834,0.196,1.349,0.466,0.883,0.466,0.981,1.3,1.178,0.515,0.613,0.761,0.54,0.932,0.049,0.54,0.785,14.573,14.097,14.412,14.01,13.922,14.339,1
Positive_177,1.217,0.929,0.256,0.769,0.176,1.602,0.673,0.913,0.192,0.56,1.409,1.137,0.144,0.4,1.153,1.153,0.721,0.112,0.288,0.913,14.211,15.021,13.571,13.733,14.483,14.263,1
Positive_178,1.471,0.609,0.456,0.456,0.456,0.507,0.659,1.471,0.051,0.71,1.623,0.964,0.558,0.964,0.609,1.166,0.812,0.101,0.659,0.964,14.075,14.648,13.274,13.045,14.77,14.923,1
Positive_179,1.05,0.663,0.829,0.856,0.221,1.216,0.718,0.884,0.331,1.133,1.436,0.912,0.249,0.635,0.552,0.967,0.663,0.138,0.497,0.801,13.992,15.578,13.756,13.284,14.523,14.117,1
Positive_180,1.186,0.673,0.321,0.721,0.257,0.802,0.785,0.834,0.465,0.641,1.411,0.962,0.369,0.481,0.834,0.962,0.882,0.433,0.465,0.994,14.071,14.389,14.599,13.803,14.404,14.259,1
Positive_181,0.787,0.801,0.52,0.815,0.267,1.32,0.604,0.871,0.365,0.758,1.756,0.534,0.365,0.464,1.082,1.292,0.885,0.169,0.59,1.292,14.371,13.851,14.107,13.447,14.635,14.053,1
Positive_182,1.261,0.831,0.489,0.645,0.274,0.792,0.694,0.821,0.372,1.095,2.073,0.645,0.352,0.792,0.596,1.105,0.9,0.225,0.381,1.115,13.938,14.641,14.193,13.969,14.224,13.575,1
Positive_183,1.239,0.656,0.51,0.51,0.182,0.875,0.474,1.094,0.292,1.677,1.458,0.838,0.109,0.911,0.583,1.094,1.203,0.292,0.364,1.167,13.627,14.264,14.085,14.31,14.264,13.922,1
Positive_184,1.736,0.496,0.661,0.634,0.413,0.717,0.386,1.488,0.083,1.13,2.232,0.661,0.524,0.992,0.717,1.213,0.964,0.276,0.469,1.543,13.945,13.971,13.061,13.486,14.188,14.015,1
Positive_185,0.797,0.561,0.472,1.062,0.295,1.033,0.708,0.62,0.413,1.033,1.534,1.151,0.502,0.797,0.738,1.151,0.767,0.03,0.531,0.708,15.229,14.111,13.932,13.53,13.992,14.305,1
Positive_186,0.891,0.876,0.538,0.63,0.292,0.937,0.553,1.029,0.307,0.845,1.537,0.814,0.277,0.63,0.799,1.137,0.891,0.338,0.492,0.953,14.094,14.581,14.205,13.488,14.603,14.264,1
Positive_187,1.15,0.602,0.531,0.761,0.354,0.92,0.726,1.097,0.195,1.239,1.593,1.009,0.584,0.655,0.637,1.239,1.027,0.124,0.283,1.54,13.907,15.094,13.427,13.712,13.834,13.761,1
Positive_188,0.953,0.677,0.502,0.778,0.251,1.028,0.401,0.828,0.502,0.677,1.48,0.978,0.351,0.803,0.652,0.753,0.652,0.176,0.702,0.928,14.297,15.303,14.36,14.051,13.699,14.219,1
Positive_189,1.153,0.512,0.384,0.705,0.256,0.961,0.769,1.153,0.384,0.64,1.345,0.897,0.32,0.833,0.705,0.897,0.961,0.384,0.512,1.025,13.552,14.122,14.47,14.248,13.804,15.01,1
Positive_190,1.383,0.981,0.312,0.68,0.245,0.926,0.669,1.037,0.29,0.457,1.539,0.636,0.212,0.468,1.115,0.769,0.591,0.357,0.379,1.048,14.518,14.666,14.131,13.644,14.363,14.582,1
Positive_191,2.119,0.706,0.202,0.807,0.202,0.757,0.505,1.413,0.555,0.858,1.816,0.858,0.454,0.454,0.807,1.261,0.908,0.0,0.101,1.312,13.479,14.637,14.686,13.519,12.754,14.831,1
Positive_192,1.084,0.62,0.527,1.208,0.186,0.744,0.651,0.805,0.341,0.991,1.022,1.084,0.403,1.022,0.774,1.053,0.805,0.093,0.465,0.712,13.898,14.934,13.927,13.781,14.299,14.569,1
Positive_193,1.054,0.652,0.602,0.669,0.184,1.004,0.719,0.92,0.251,1.037,1.639,1.154,0.318,0.569,0.435,1.405,0.82,0.067,0.485,0.97,14.021,14.208,13.595,13.617,14.806,14.798,1
Positive_194,0.68,0.68,0.517,0.871,0.109,0.816,0.462,0.871,0.354,0.871,1.279,0.952,0.354,0.898,0.789,1.007,0.871,0.218,0.789,0.979,13.652,14.6,13.81,13.968,14.75,14.858,1
Positive_195,0.732,0.751,0.563,0.713,0.3,1.332,0.544,0.976,0.356,0.826,1.107,1.144,0.319,0.713,0.582,0.694,0.544,0.244,0.488,0.638,14.542,14.101,14.426,14.345,14.528,14.494,1
Positive_196,1.399,0.775,0.538,0.624,0.151,0.775,0.667,1.206,0.28,0.84,1.486,0.732,0.215,0.904,0.732,0.84,0.754,0.086,0.538,1.055,14.079,14.889,13.86,14.364,13.729,14.481,1
Positive_197,0.946,0.394,1.576,0.552,0.355,1.143,0.867,1.025,0.158,1.103,1.852,0.828,0.433,0.63,0.473,1.616,0.985,0.158,0.788,1.182,13.975,13.804,13.617,13.224,13.787,14.529,1
Positive_198,1.03,0.667,0.606,0.667,0.303,0.939,0.394,0.969,0.485,0.757,1.151,1.06,0.212,0.636,0.606,1.303,0.757,0.273,0.515,1.06,14.318,13.943,14.095,14.188,14.188,14.879,1
Positive_199,1.112,0.69,0.498,0.767,0.038,0.728,0.844,0.882,0.498,0.575,1.61,0.728,0.69,0.959,0.844,1.074,1.035,0.153,0.345,1.342,13.995,14.65,13.802,13.51,14.057,14.573,1
Positive_200,0.89,0.745,0.538,0.911,0.269,0.994,0.642,0.683,0.352,0.911,1.222,0.787,0.331,0.725,0.704,0.683,0.621,0.311,0.621,1.015,13.774,14.521,14.333,14.584,13.921,14.912,1
Positive_201,1.139,0.488,0.624,0.515,0.38,0.461,0.488,1.355,0.081,1.301,1.6,0.624,0.569,1.193,0.759,1.22,0.84,0.542,0.813,1.247,13.641,14.234,13.933,13.608,14.721,13.625,1
Positive_202,1.112,0.86,0.556,0.657,0.202,0.91,0.657,1.416,0.404,0.607,1.315,0.607,0.607,0.758,0.758,0.657,0.758,0.152,0.455,1.163,14.956,14.802,14.225,14.152,14.086,13.166,1
Positive_203,1.01,0.842,0.617,0.786,0.337,0.814,0.589,0.982,0.449,0.87,1.375,0.842,0.421,0.842,0.73,0.898,0.477,0.14,0.337,0.673,13.981,14.128,14.17,13.644,15.454,14.591,1
Positive_204,1.392,0.696,0.278,0.747,0.101,1.076,0.696,1.215,0.468,0.646,2.012,0.38,0.38,0.418,1.038,1.164,1.025,0.19,0.456,1.405,13.731,14.481,14.552,13.842,13.834,13.778,1
Positive_205,0.616,0.718,0.411,0.855,0.308,0.958,0.684,0.992,0.274,0.65,1.437,1.163,0.376,0.582,0.821,0.684,0.547,0.205,0.582,0.924,14.248,14.138,14.434,14.207,14.793,14.393,1
Positive_206,0.804,0.916,0.519,0.936,0.071,1.241,0.59,1.079,0.193,0.855,1.292,0.814,0.376,0.448,0.57,0.753,0.61,0.041,0.437,1.109,14.548,14.671,14.261,14.459,14.186,14.22,1
Positive_207,1.598,0.464,0.206,0.464,0.412,0.515,0.67,1.701,0.155,0.67,1.65,1.083,0.722,0.979,0.515,1.031,0.773,0.103,0.722,1.083,14.121,14.283,13.368,13.096,14.99,14.625,1
Positive_208,0.636,0.788,0.432,1.093,0.203,0.966,0.407,0.788,0.458,0.61,1.525,0.915,0.407,0.864,0.61,1.042,0.864,0.127,0.788,0.737,14.277,14.94,14.17,14.255,13.899,14.198,1
Positive_209,0.783,0.682,0.733,0.657,0.328,0.909,0.783,0.935,0.48,0.859,1.44,0.859,0.379,0.96,1.011,0.884,0.859,0.152,0.682,0.884,14.527,14.855,14.488,13.962,13.466,13.443,1
Positive_210,1.016,0.614,1.093,0.824,0.23,1.055,0.633,0.805,0.173,0.978,1.265,1.035,0.326,0.537,0.479,0.901,0.709,0.288,0.652,0.767,13.992,14.776,14.445,13.445,14.711,14.251,1
Positive_211,1.158,0.427,1.036,0.853,0.061,0.792,0.548,0.975,0.67,0.609,1.219,1.097,0.183,0.67,1.036,1.828,0.853,0.366,0.487,1.036,15.14,13.915,13.534,14.003,13.788,13.717,1
Positive_212,1.461,0.816,0.773,0.687,0.129,0.902,0.387,1.074,0.473,1.117,1.418,0.945,0.473,0.129,0.859,0.773,0.73,0.129,0.172,1.59,12.978,14.287,14.715,14.377,14.362,14.242,1
Positive_213,0.625,0.699,0.441,0.736,0.257,0.699,0.478,1.471,0.221,0.883,1.361,0.699,0.478,0.809,0.662,1.361,1.288,0.257,0.625,0.883,13.561,15.032,14.271,13.823,13.576,14.801,1
Positive_214,1.425,0.757,0.683,0.534,0.326,0.95,0.579,1.291,0.312,0.846,1.766,0.608,0.593,0.742,0.727,1.083,0.89,0.267,0.445,1.246,13.403,14.118,14.006,13.99,14.006,14.407,1
Positive_215,1.434,0.749,0.407,0.599,0.15,0.835,0.621,1.22,0.214,0.706,1.37,0.835,0.257,1.092,0.749,0.77,0.792,0.064,0.407,1.177,14.202,14.766,13.942,14.332,13.863,14.448,1
Positive_216,0.965,0.716,0.747,0.747,0.249,1.183,0.405,0.654,0.156,0.747,1.4,1.151,0.405,0.84,0.654,1.089,0.809,0.156,0.373,0.996,13.921,14.592,14.051,13.747,14.282,14.968,1
Positive_217,1.678,0.586,0.599,0.812,0.16,0.879,0.439,1.372,0.333,1.092,1.585,0.906,0.399,0.732,0.746,1.158,0.826,0.213,0.479,1.145,13.961,13.751,14.203,13.42,13.993,14.534,1
Positive_218,0.97,0.589,0.935,0.901,0.208,1.212,0.693,1.074,0.277,0.658,1.212,0.589,0.589,0.797,0.658,1.351,0.97,0.139,0.52,1.212,13.896,14.977,13.421,13.484,14.036,14.635,1
Positive_219,1.379,0.435,0.726,0.254,0.29,0.835,0.508,1.125,0.399,1.488,2.395,0.726,0.726,1.306,1.089,1.415,1.052,0.109,0.726,1.306,13.754,13.105,13.37,13.791,13.699,13.992,1
Positive_220,1.453,1.103,0.458,0.781,0.215,0.754,0.565,0.996,0.323,0.565,1.507,0.592,0.296,0.565,0.646,0.807,0.646,0.108,0.431,0.754,14.847,15.077,13.022,14.84,14.528,14.121,1
Positive_221,1.3,0.716,0.497,1.095,0.19,0.949,0.613,1.139,0.248,0.716,1.344,0.964,0.35,0.54,0.511,0.716,0.76,0.117,0.38,0.993,14.089,15.276,13.601,13.643,14.774,14.478,1
Positive_222,1.471,0.602,0.769,0.802,0.201,1.003,0.301,1.471,0.468,1.103,0.903,0.802,0.401,0.501,0.669,0.535,1.07,0.1,0.535,1.337,13.902,14.541,14.692,14.075,13.12,14.624,1
Positive_223,1.151,0.219,1.261,0.987,0.055,0.767,0.219,0.658,0.165,1.206,1.425,2.467,0.219,0.439,0.493,1.261,0.713,0.0,0.713,0.987,13.316,14.872,14.318,12.446,14.941,14.703,1
Positive_224,1.106,1.031,0.553,0.83,0.126,1.157,0.654,1.106,0.277,0.629,1.232,0.855,0.251,0.327,1.257,1.509,0.805,0.126,0.428,0.78,14.782,14.586,14.474,12.985,13.414,14.722,1
Positive_225,1.099,0.634,0.676,0.718,0.127,0.845,0.718,0.93,0.38,0.676,2.07,1.099,0.507,0.634,0.592,0.93,1.014,0.211,0.465,0.634,14.531,13.888,13.873,13.746,14.644,14.359,1
Positive_226,1.544,1.044,0.322,0.766,0.233,0.877,0.344,1.122,0.355,0.6,1.344,0.566,0.233,0.666,0.877,0.6,0.666,0.1,0.533,0.922,13.936,15.013,14.594,14.053,14.265,14.423,1
Positive_227,0.731,0.985,0.509,0.763,0.254,0.699,0.699,0.509,0.222,1.017,2.066,0.477,0.318,0.636,0.954,1.113,0.795,0.445,0.668,1.335,13.699,14.709,13.911,14.147,14.382,13.957,1
